Pressure (bar)	Bulk adsorption (molecules/uc)	Bulk adsorption (molecules/nm^3)	Bulk adsorption (%w.t.)	Bulk adsorption (cm^3 STP/cm^3)	Bulk adsorption (mol/kg)	Ideal adsorption (molecules/uc)	Ideal adsorption (molecules/nm^3)	Ideal adsorption (%w.t.)	Ideal adsorption (cm^3 STP/cm^3)	Ideal adsorption (mol/kg)	Absolute adsorption (molecules/uc)	Absolute adsorption (molecules/nm^3)	Absolute adsorption (mg/g)	Absolute adsorption (%w.t.)	Absolute adsorption (mol/kg)	Absolute adsorption (cm^3 STP/cm^3)	Excess adsorption (molecules/uc)	Excess adsorption (molecules/nm^3)	Excess adsorption (mg/g)	Excess adsorption (%w.t.)	Excess adsorption (mol/kg)	Excess adsorption (cm^3 STP/cm^3)
0.05	0.024015964672965538	0.0009045963124901799	0.00275110269084186	0.03411452279275449	0.001714877752654904	5.239884613901023	0.19736789107391678	0.5966797896492693	7.443222270124071	0.3741578434687136	2.80769681930542	0.10575599289555694	3.216391632849218	0.3206079625168577	0.20048567181008653	3.988315207890066	2.7836808546324545	0.10485139658306676	3.188879849063375	0.3178743218867382	0.19877079405743164	3.9542006850973124
0.1	0.04803584330654255	0.0018093400500113583	0.005502502333761029	0.06823460534129262	0.0034300349845674096	10.480623189001056	0.39476794784103614	1.1863767979138444	14.887657586618937	0.7483766646696048	4.430946350097656	0.16689805234649435	5.075925102762171	0.5050290207919558	0.3163950073404083	6.294130688159999	4.382910506791114	0.165088712296483	5.020897051504756	0.49958135858019354	0.3129649723558409	6.225896082818707
0.15000000000000002	0.07205963616848299	0.0027142312226488027	0.008254198897907905	0.1023602480259543	0.0051454717148565424	15.722215783719124	0.5922001725017957	1.7692128714954336	22.333306032468453	1.122656467774127	5.707762241363525	0.21499118384031854	6.538597254940055	0.649612173122054	0.4075669921423708	8.107839419742756	5.635702605195043	0.21227695261766974	6.456048452218611	0.6414635256201267	0.4024215204275143	8.005479171716804
0.2	0.09608734352666842	0.0036192698404926634	0.011006192352439763	0.13649145122726355	0.006861187962650586	20.96466245650254	0.789664567257699	2.345307038595425	29.780167690696643	1.4969972569557546	6.795296669006348	0.25595475313051	7.784435697842579	0.7724306331891532	0.48522319378187245	9.652675054077699	6.699209325479679	0.25233548329001737	7.6743616593577775	0.7615914378053888	0.4783620058192219	9.516183602850436
0.25	0.12011896564910957	0.004524455913637954	0.013758482666520695	0.17062821532592792	0.008577183747087044	26.20796326582679	0.9871611343113099	2.9147755899415744	37.22824264436756	1.8713990363899724	7.760110378265381	0.2922958676982774	8.889689912037495	0.8811359656983474	0.5541164315924387	11.023186700121647	7.639991412616271	0.28777141178463944	8.752086153182976	0.8676151725800682	0.5455392478453517	10.852558484795718
0.3	0.14415450280394562	0.005429789452184528	0.016511069809321547	0.2047705407028374	0.010293459087312594	31.452118270195392	1.1846898758662492	3.4777321570354314	44.677530976585075	2.2458618102542673	8.636717796325684	0.32531456374805673	9.89389832419797	0.9796968117755488	0.616711233821478	12.26840187889727	8.492563293521737	0.3198847742958722	9.728760360060212	0.9635023525120768	0.6064177747341652	12.063631338194433
0.35000000000000003	0.16819395525944367	0.0063352704662370555	0.019263953750019817	0.23891842773906358	0.012010014002483044	36.697127528139774	1.3822507941271882	4.034287787731088	52.12803277049271	2.62038558272812	9.446319580078125	0.35580939492143626	10.821347607644942	1.0705499674355214	0.6745214490833973	13.418435986665921	9.278125624818681	0.3494741244551992	10.628670953003105	1.051689038564528	0.6625114350809143	13.17951755892686
0.4	0.19223732328399798	0.007240898965905	0.022017134457799615	0.2730718768158588	0.013726848511763288	41.942991098219096	1.579843891299843	4.584551019250834	59.579748109273346	2.9949703579929907	10.201991081237793	0.38427286339798883	11.68701639239423	1.1552007886855482	0.7284807325558954	14.491862476136319	10.009753757953796	0.3770319644320838	11.466796561720011	1.1336799784925322	0.7147538840441321	14.21879059932046
0.45	0.21628460714612974	0.008146674961302601	0.02477061190185159	0.3072308883146558	0.01544396263432728	47.18970903902024	1.777469169590974	5.128627948738577	67.0326770761493	3.369616140232318	10.914891242980957	0.41112528703652207	12.503687943083527	1.2349276444103583	0.7793858968449497	15.504532554058382	10.698606635834828	0.40297861207521946	12.255920450541016	1.210753150753228	0.7639419342106225	15.197301665743728
0.5	0.24033580711448596	0.009052598462548843	0.027524386051372828	0.34139546261706577	0.017161356389357958	52.4372814091575	1.975126631208374	5.666622301447324	74.4868197543818	3.7443229336315	11.591463088989258	0.4366093517146622	13.278743144756188	1.3104728816816003	0.8276970108306544	16.465598493981588	11.351127281874772	0.4275567532521134	13.003423504201718	1.2836504993457987	0.8105356544412965	16.124203031364523
0.55	0.2643909234578392	0.009958669479767432	0.030278456875566805	0.3755656001048785	0.01887902979604723	57.6857082672726	2.172816278360869	6.198635496652798	81.94217622727103	4.119090742377892	12.236456871032715	0.4609039825887823	14.017623706766997	1.382384623210514	0.8737532697604561	17.381807997881953	11.972065947574876	0.45094531310901487	13.714747431749013	1.3529197899601824	0.8548742399644089	17.006242397777076
0.6000000000000001	0.2884499564450869	0.010864888023086786	0.03303282434364332	0.409741301160061	0.02059698287359591	62.93498967203448	2.37053811325831	6.724766711381154	89.39874657815582	4.493919570660794	12.855365753173828	0.48421608768954055	14.726622390787018	1.4512896445044257	0.9179469170845239	18.260964069851394	12.566915796728741	0.4733511996664538	14.396184994545917	1.4191876120495583	0.897349934210928	17.851222768691333
0.6500000000000001	0.3125129063452508	0.011771254102639997	0.035787488424818395	0.44392256616475695	0.0223152156412137	68.18512568213923	2.5682921381115706	7.245112942034919	96.85653089041361	4.8688094226714425	13.45097827911377	0.5066507015797226	15.408933647358989	1.5175101515022078	0.9604770708320758	19.107027818217126	13.138465372768518	0.49487944747708257	15.050930642826998	1.4827759069483653	0.938161855190862	18.663105252052368
0.7000000000000001	0.3365797734274758	0.012677767728564803	0.038542449088314196	0.47810939550128484	0.024033728118119085	73.43611635630981	2.7660783551325374	7.759769063997538	104.31552924745996	5.243760302602995	14.026063919067383	0.5283121403914518	16.067730077158746	1.581364076579677	1.0015414870759052	19.923933257542156	13.689484145639907	0.515634372662887	15.68215697695976	1.5440024095368157	0.9775077589577862	19.44582386204087
0.7500000000000001	0.3606505579610304	0.013584428911003593	0.04129770630335906	0.512301789552139	0.02575252032353939	78.6879617532961	2.9638967665341096	8.268827889293544	111.77574173274873	5.618772214650529	14.582356452941895	0.5492657094719048	16.70499783308871	1.6430525932981743	1.0412639676549718	20.714143210993	14.221705894980865	0.5356812805609013	16.29185014953817	1.6030680701750162	1.0155114473314326	20.20184142144086
0.8	0.3847252602153051	0.014491237660103354	0.04405326003918725	0.5464997486999869	0.02747159227671064	83.94066193187464	3.161747374530192	8.772380222377853	119.23716842977161	5.993845163011029	15.122785568237305	0.5696217597707659	17.32409305470679	1.702907969346125	1.0798537090760325	21.48181928075201	14.738060308022	0.5551305221106626	16.883366299811524	1.6603050909610155	1.052382116799322	20.935319532052024
0.8500000000000001	0.4088038804598125	0.015398193986015668	0.04680911026503904	0.5807032733276692	0.029190943996877574	89.19421695084861	3.359630181335691	9.2705149141247	126.69980942205812	6.368979151883377	15.648519515991211	0.5894242951660832	17.92635404636143	1.7610659135704991	1.1173941311700697	22.228620959876928	15.239715635531399	0.5740261011800675	17.45804373181952	1.7158490061946075	1.088203187173192	21.647917686549263
0.9000000000000001	0.4328864189641855	0.016305297898896655	0.049565256950160515	0.614912363818198	0.03091057550329354	94.44862686904747	3.5575451891665044	9.763318914083587	134.16366479317514	6.744174185468337	16.16062355041504	0.6087134400103297	18.51300112311974	1.8176499566235633	1.1539612992033745	22.956061435098782	15.727737131450853	0.592408142111433	18.017102760320398	1.7698231897546328	1.1230507237000809	22.341149071280583
0.9500000000000001	0.4569728759981785	0.017212549408907006	0.052321700063803614	0.6491270205547576	0.03263048681522055	99.70389174532708	3.7554924002395245	10.250877321066847	141.628734626727	7.1194302679685535	16.660991668701172	0.6275605344682428	19.08620397676622	1.8728743360754359	1.18969045544887	23.66683111720342	16.204018792702993	0.6103479850593357	18.562713076789638	1.82244184265463	1.1570599686336496	23.01770409664866
1.0	0.48106325183166504	0.0181199485262119	0.05507843957522597	0.6833472439207016	0.034350677951929115	104.96001163856941	3.9534718167726255	10.733273432130567	149.09501900635524	7.494747403588537	17.150344848632812	0.6459927352188464	19.646788532270204	1.9268229698002346	1.224633081859391	24.361954150477914	16.66928159680115	0.6278727866926346	19.09570060588741	1.8737887515897047	1.190282403907462	23.67860690655721
1.05	0.5051575467346382	0.019027495260981023	0.057835475453690846	0.7175730342995531	0.0360711489326983	110.21698660768244	4.151483440984663	11.210588790008162	156.5625180157382	7.870125596534655	17.629592895507812	0.6640443114047183	20.19579702828347	1.979600100991552	1.2588541437563716	25.04272290747498	17.124435348773176	0.6450168161437373	19.61710758595619	1.9239680699749753	1.2227829948236733	24.32514987317543
1.1	0.5292557609772095	0.019935189623388517	0.06059280766846712	0.7518043920750043	0.03779189977681562	115.47481671160006	4.349527275095467	11.68290322905328	164.0312317385911	8.245564851015128	18.09967041015625	0.6817504661282968	20.734300108284756	2.0313121745869767	1.2924203770045974	25.71046498264082	17.57041464917904	0.6618152765049083	20.128004660165303	1.9730861782262838	1.2546284772277816	24.958660590565813
1.1500000000000001	0.5533578948296085	0.020843031623612972	0.06335043618882912	0.7860413176309143	0.03951293050357701	120.73350200928184	4.547603321325838	12.150294919746438	171.50116025866564	8.621065171240005	18.56132698059082	0.6991394337145991	21.26315647204377	2.0820448027810383	1.3253853064915397	26.366245160908807	18.00796908576121	0.678296402090986	20.629250527974886	2.0212286211965123	1.2858723759879627	25.58020384327789
1.2000000000000002	0.577463948562182	0.02175102127183739	0.06610836098405665	0.820283811351309	0.04123424113228678	125.99304255971292	4.7457115818975355	12.612840411817457	178.97230365974983	8.996626561421166	19.01522445678711	0.7162361437075965	21.78312430994241	2.1318735641336377	1.357796192105118	27.011003595896963	18.437760508224926	0.694485122435759	21.12160337945713	2.068470915663134	1.3165619509728312	26.19071978454565
1.2500000000000002	0.6015739224453933	0.022659158578249176	0.06886658202343476	0.8545318736203799	0.04295583168225757	131.25343842190398	4.943852059033282	13.07061467603374	186.44466202566798	9.372249025772312	19.462018966674805	0.7330653101220621	22.294955257402492	2.180873058479377	1.389699885146325	27.64567231309404	18.86044504422941	0.7104061515438129	21.605814849724034	2.114887614740349	1.3467440534640673	26.791140439473658
1.3	0.625687816749822	0.023567443553040097	0.07162509927625388	0.8887855048224832	0.044677702172810314	136.51468965489096	5.142024754956754	13.523691144702218	193.91823544028023	9.747932568508947	19.9021053314209	0.7496418044726997	22.799101606669122	2.2290889355353403	1.4211245781131412	28.270812153419143	19.276417514671078	0.7260743609196596	22.082337230710728	2.160524296950664	1.376446875940331	27.382026648596664
1.35	0.649805631746163	0.024475876206406275	0.07438391271180958	0.9230447053421396	0.04639985262327419	141.77679631773498	5.3402296718925735	13.972141750930975	201.3930239874825	10.123677193848375	20.33621597290039	0.7659932144969303	23.29640239263178	2.276603566489733	1.4521225701322562	28.887463517417867	19.68641034115423	0.741517338290524	22.552009556996598	2.205463325700849	1.405722717508982	27.964418812075728
1.4000000000000001	0.6739273677052258	0.025384456548548137	0.07714302229940256	0.9573094755640321	0.04812228305298653	147.03975846952216	5.538466812066305	14.416036966694627	208.8690277512063	10.49948290600968	20.764636993408203	0.7821303166546838	23.78718536329417	2.323450195838622	1.4827142905500326	29.496032811553334	20.090709625702978	0.7567458601061358	23.01515957627511	2.249737881284947	1.434592007497046	28.538723335989303
1.4500000000000002	0.6980530248979335	0.02629318458967041	0.0799024280083385	0.9915798158730055	0.04984499348129282	152.30357616936348	5.736736177704451	14.855445839745759	216.34624681541837	10.875349709213733	21.18783950805664	0.7980708561833122	24.27199021036905	2.3696821198228775	1.5129333796901483	30.097189251801478	20.489786483158706	0.7717776715936417	23.47232697994867	2.2934012343265366	1.4630883862088555	29.105609435928475
1.5000000000000002	0.7221826035953237	0.027202060339982105	0.08266212980792813	1.0258557266540667	0.0515679839275467	157.5682494763948	5.93503777103445	15.29043602941305	223.8246812641208	11.25127760768317	21.606374740600586	0.8138355957289471	24.75144839501021	2.415361152577682	1.5428191980932626	30.69171584794791	20.88419213700526	0.786633535388965	23.92414322886058	2.3365151986179136	1.491251214165716	29.665860121293846
1.55	0.7463161040685459	0.02811108380969647	0.08542212766748702	1.0601372082923814	0.05329125441110978	162.83377844977645	6.133371594284659	15.721073841325001	231.30433118135045	11.627266605642372	22.020427703857422	0.8294315040690103	25.225771860926724	2.4605089486912193	1.5723849567366905	31.279875409505458	21.274111599788878	0.8013204202593139	24.370820266409293	2.3791013746439145	1.5190937023255808	30.21973820121308
1.6	0.7704535265888617	0.029020255009030976	0.08818242155633557	1.0944242611732757	0.05501480495135172	168.10016314869318	6.331737649684362	16.14742426109679	238.78519665117892	12.003316707317483	22.430452346801758	0.8448756798532574	25.695480634951124	2.5051763530287254	1.6016630701833274	31.862312768062264	21.659998820212895	0.8158554248442265	24.812878119116583	2.4212106081899294	1.5466482652319757	30.767888506888983
1.6500000000000001	0.7945948714276446	0.029929573948207288	0.09094301144379886	1.1287168856822338	0.05673863556765014	173.36740363235424	6.53013593946376	16.569550987016157	246.26727775771255	12.379427916936374	22.83666229248047	0.860176169505103	26.16081943559284	2.5493878678764763	1.6306687923451249	32.439331373777456	22.042067421052824	0.8302465955568957	25.25056150518103	2.4628673665986986	1.5739301567774746	31.31061448809522
1.7000000000000002	0.8187401388563783	0.030839040637451243	0.09370389729920665	1.1630150822048961	0.058462746279390514	178.6354999599928	6.728566465853956	16.98751646176276	253.75057458509167	12.755600238728636	23.23953628540039	0.8753510056341635	26.622336694511397	2.593196713431077	1.65943630832833	33.01161128013266	22.420796146544014	0.8445119649967122	25.684418855951137	2.504124892976297	1.6009735620489394	31.84859619792777
1.7500000000000002	0.8428893291466568	0.03174865508699282	0.09646507909189331	1.1973188511270605	0.06018713710596624	183.90445219086618	6.927029231086963	17.401381903194366	261.2350872174909	13.131833676925577	22.899946212768555	0.8625598505985786	26.23331510902486	2.5562720214591637	1.635187627564973	32.52922577404333	22.057056883621897	0.8308111955115858	25.267732868433843	2.464500935549904	1.5750004904590065	31.33190692291627
1.8	0.8670424425701835	0.03265841730706613	0.0992265567911976	1.2316281928346795	0.061911808066778484	189.17426038425558	7.1255242373956955	17.811207334231614	268.72081573911885	13.508128235760225	23.256881713867188	0.8760043464781934	26.642206963482458	2.5950819850162383	1.660674871500496	33.03625034930346	22.389839271297003	0.8433459291711272	25.648955826667127	2.50075385744377	1.5987630634337173	31.804622156468778
1.85	0.8911994793987708	0.03356832730790938	0.10198833036646282	1.2659431077138612	0.06363675918123622	194.4449245994659	7.324051487013958	18.217051611871984	276.20776023421774	13.884483919467284	23.5948486328125	0.8887343630644413	27.029369125294657	2.631800992051003	1.6848076497721536	33.51633017605868	22.70364915341373	0.8551660357565319	26.00844459775009	2.5349152567595854	1.6211708905909172	32.25038706834482
1.9000000000000001	0.9153604399043388	0.03447838509976484	0.10475039978703658	1.3002635961508666	0.06536199046875611	199.71644489582565	7.522610982176445	18.618972455362535	283.69592078706324	14.260900732283147	23.928363800048828	0.9012966979341767	27.41143152816927	2.668009201279528	1.7086225474144032	33.99008631824775	23.013003360144488	0.8668183128344118	26.362829115079013	2.5685681873152806	1.643260556945647	32.689822722096885
1.9500000000000002	0.9395253243589152	0.03538859069287883	0.10751276502227064	1.334589658532109	0.06708750194876248	204.98882133268668	7.721202725118732	19.017026473559618	291.1852974819644	14.637378678445886	24.2572078704834	0.9136830891347864	27.78814289863679	2.703683934343396	1.7321039019283668	34.457207197582264	23.317682546124484	0.8782944984419075	26.71185810487279	2.601689840631443	1.6650163999796044	33.122617539050154
2.0	0.9636941330346339	0.03629894409750166	0.11027542604152105	1.3689212952441525	0.06881329364068725	210.26205396942416	7.919826718077269	19.411269191502914	298.67589040326317	15.013917762195222	24.581663131713867	0.925904169440068	28.15982661472752	2.738856925332834	1.7552718702691221	34.91809380177251	23.617968998679235	0.8896052253425665	27.05585494484998	2.6343119329476785	1.6864585766284352	33.54917250652836
3.0	1.4478948129912954	0.0545370684268188	0.165590713911786	2.0567252355640333	0.10338800197263132	315.9066003157705	11.89908253232236	26.57266801420322	448.743286543283	22.557544873814315	30.325227737426758	1.1422439015152748	34.73943770860408	3.357312618289046	2.1653953567664455	43.076790248966084	28.877332924435464	1.087706833088456	33.080783992957166	3.2021488063205212	2.0620073547938143	41.02006501340205
4.0	1.933667477911908	0.0728344038609591	0.22102405833903574	2.7467621703779037	0.13807495905572476	421.8941276723764	15.891257226211048	32.58302774888336	599.2978849944035	30.125662798610673	35.08194351196289	1.3214125340396632	40.188551983287326	3.8635833769427057	2.5050521712452363	49.833674301670264	33.14827603405098	1.248578130178704	37.973415415156325	3.6584188815633754	2.366977212189511	47.08691213129235
5.0	2.421014328560736	0.09119103329491617	0.27657521485170766	3.4390352258571943	0.17287432203717057	528.225116209452	19.896368886054148	37.69915944598653	750.3403678353087	37.718305823493935	39.191612243652344	1.4762091966291664	44.89643355778653	4.296735266376388	2.798506112185161	55.67143220675708	36.77059791509161	1.3850181633342502	42.1230108093442	4.042038259632152	2.6256317901479904	52.232396980899885
6.0	2.9099375778246515	0.1096070400802993	0.3322439390727589	4.133547545393423	0.20778624892979553	634.9000487421596	23.914435697788438	42.106765877796796	901.8714209018199	45.33550842423851	42.83623504638672	1.6134892265037286	49.07157604717621	4.677619446336947	3.0587531039815627	60.84859537167614	39.92629746856207	1.5038821864234293	45.738061255595504	4.373758874251816	2.8509668550517673	56.715047826282714
7.0	3.40043944812121	0.1280825079277049	0.38802998642236036	4.830302285916382	0.24281089842697198	741.9194101650977	27.94547592567571	45.943459570847345	1053.8917329835845	52.97730522510252	46.123321533203125	1.7373021299328228	52.83713841130052	5.018548119515442	3.2934699502150795	65.51788050776253	42.72288208508191	1.6092196220051178	48.941723167836614	4.66581909050496	3.050659051788107	60.68757822184614
8.0	3.8925221686431852	0.14661752080292778	0.4439331118040013	5.5293026139800165	0.27794842970586164	849.2836868511052	31.98950788965782	49.313383268574604	1206.4019949700803	60.643730955898896	49.132328033447266	1.8506407453682412	56.28414282574737	5.328504002263758	3.508330288957637	69.7921548179541	45.23980586480408	1.7040232245653135	51.82501616797623	4.927151890414802	3.2303818592517755	64.26285220397409
9.0	4.3861879724365975	0.16521216281690101	0.4999530692738234	6.230551701611784	0.3131990022187703	956.9933660137356	36.046549941343365	52.29680220867313	1359.402898945015	68.33482040647245	51.90923309326172	1.9552369217638192	59.46526057969823	5.612761719734081	3.706617252365408	73.73673053025081	47.523045120825124	1.7900247589469183	54.44060898710251	5.16298485880568	3.393418250146638	67.50617882863902
10.0	4.881439093309265	0.18386651810925175	0.5560896116930085	6.93405272192127	0.3485627754724003	1065.0489350327537	40.11662043860155	54.956576319709185	1512.8951372281988	76.05060837853642	54.4968376159668	2.0527028175251028	62.42952277450684	5.876109561740508	3.8913870706542943	77.41240605153548	49.61539852265753	1.868836299415851	56.83753016760312	5.378076435134669	3.542824295181894	70.47835332961421
11.0	5.3782777625669445	0.20258067072536348	0.6123424903630541	7.639808844463898	0.3840399087947926	1173.450880742016	44.19973771873914	57.34263546408866	1666.879401363982	83.79112963482304	56.9190673828125	2.143939632074514	65.20433788322936	6.121298568198023	4.06434818196281	80.8531677996307	51.540789620245555	1.9413589613491506	59.04318562643449	5.5751442838008405	3.680308273168017	73.2133589551668
12.0	5.8767062055741555	0.22135470448683428	0.668711454643771	8.347823230355607	0.4196305610897497	1282.1996886791003	48.295920070236654	59.49514140790641	1821.3563810553599	91.55641884550286	59.20277786254883	2.2299589157841604	67.82047051847988	6.351298967470597	4.227418220936227	84.09716379454142	53.326071656974676	2.008604211297326	61.08833742691703	5.757139652957925	3.807787659846477	75.74934056418581
13.0	6.376726638136784	0.24018870285522234	0.7251962515538507	9.058099027134348	0.45533489057853266	1391.2958422960485	52.40518570301989	61.44676516739643	1976.3267630428368	99.34651053182715	61.361480712890625	2.3112696049350077	70.29339912597987	6.567675665699021	4.381561997505446	87.16358725883259	54.98475407475384	2.071080902079785	62.98846147642847	5.9256016183789235	3.9262271069269135	78.10548823169823
14.0	6.878341262703659	0.25908274878897286	0.7817966253538567	9.770639363364474	0.4911530545286321	1500.739822130615	56.52755271724374	63.224355607680856	2131.7912299271916	107.1614390069503	63.411529541015625	2.3884876819766614	72.6418577816209	6.772237840117	4.527947253108577	90.07566838593618	56.53318827831197	2.1294049331876885	64.76228932781805	6.082323723983721	4.036794198579945	80.30502902257173
15.0	7.38155226438424	0.27803692459341844	0.8385123171114961	10.48544734297986	0.527085208969408	1610.532104937392	60.66303907056479	64.85018103892453	2287.7504589352448	115.00123831388724	65.36660766601562	2.4621285490660463	74.88152157992663	6.966490731914453	4.6675510552843384	92.85284424229509	57.985055401631385	2.184091624472628	66.42549357243043	6.228798352326606	4.140465846314931	82.36739689931522
16.0	7.886361806779707	0.297051311763751	0.8953430642490461	11.202526039362018	0.5631315083944061	1720.673162778222	64.81166254388037	66.34286607908106	2444.2051206277956	122.86594216056363	67.23283386230469	2.532422678759534	77.01939995820294	7.151161804624124	4.800810319653614	95.50380650746723	59.346472055524984	2.235371366995783	67.98508116903147	6.365733226780102	4.237678811259208	84.30128046810522
17.0	8.392772027624707	0.3161259908208616	0.9522886000728126	11.92187848914922	0.5992921054501525	1831.1634620712991	68.97344070551155	67.71810761236975	2601.1558775488793	130.7555838519162	69.02054595947266	2.599759460475933	79.06733554431683	7.3273773507779	4.9284632265983195	98.04324000165336	60.62777393184795	2.2836334696550713	69.45289229658003	6.494245122609796	4.329171121148167	86.12136151250414
18.0	8.900785034237119	0.3352610411399497	1.00934865328451	12.643507685772901	0.6355671506112419	1942.003462598385	73.14839087380852	68.98922831423961	2758.60338281552	138.67019621900238	70.73812866210938	2.664454716334262	81.03493353976349	7.496051332441311	5.051108492162531	100.48305514359934	61.83734362787226	2.329193675194312	70.83852974250733	6.615239158376295	4.41554134155129	87.83954745782646
19.0	9.410402898773235	0.3544565407718021	1.0665229474744584	13.367416572717705	0.6719567918415299	2053.1936164695667	77.33653007815664	70.16760917056686	2916.5482786471775	146.6098115450779	72.38868713378906	2.7266254068462956	82.9257511028764	7.6575657212346195	5.16896784285211	102.82766279811827	62.97828423501583	2.3721688660744933	72.14554829136274	6.729081551132524	4.497011051010579	89.46024622540057
20.0	9.921627653285858	0.3737125662566494	1.1238112005965195	14.09360803650152	0.7084611742412524	2164.7343670450146	81.53787501836295	71.2630307680004	3074.991194834112	154.57446148860421	73.97909545898438	2.7865304544226213	84.74766292569115	7.812661490057218	5.2825321277623365	105.08682755783066	64.05746780569852	2.4128178881659723	73.38182030733874	6.836506722866567	4.574070953521084	90.99321952132915
21.0	10.43446128458286	0.39302919243050577	1.1812131244246815	14.822084899372097	0.7450804396798979	2276.6261478132083	85.75244202240282	72.28394504252475	3233.9327471439105	162.56417700314745	75.51524353027344	2.8443917104516676	86.50741624711063	7.961971998858014	5.392221919037002	107.26891597712402	65.08078224569059	2.451362518021162	74.55409075332604	6.938142192642831	4.6471414793571055	92.44683107775195
22.0	10.948905728883869	0.4124064922239056	1.23872842399124	15.55284991171693	0.7818147264146633	2388.8693812251126	89.98024700250755	73.23769347484735	3393.3735356654424	170.5789882541318	76.99847412109375	2.9002597524520395	88.20654929776552	8.105680796966936	5.498133098408373	109.37583545699859	66.04956839220988	2.4878532602281336	75.66389564189507	7.03415778371395	4.71631837199371	93.82298554528165
23.0	11.4649628662728	0.4318445364529497	1.2963567970065177	16.285905744183076	0.818664168694334	2501.4644774838116	94.2213054095742	74.13068365367333	3553.31414308954	178.61892453241236	78.43379211425781	2.9543230966294476	89.85079548273391	8.244320768966892	5.600623043242156	111.41469540118254	66.96882924798501	2.522478560176498	76.71696622437071	7.125081951052318	4.781958874547822	95.12878965699946
24.0	11.982634514944142	0.4513433936025835	1.354097933260097	17.02125497950407	0.8556288963484345	2614.411833289144	98.47563218588036	74.96853318865043	3713.755132925763	186.6840141646351	79.824462890625	3.0067047383132284	91.44389549923139	8.378249754872149	5.699924920478177	113.39013426210829	67.84182837568086	2.555361344710645	77.71704111511346	7.21126586573222	4.844296024129743	96.36887928260421
25.0	12.501922425240906	0.47090312960202774	1.4119515140035366	17.75890010403087	0.8927090343615045	2727.711830536885	102.743241716087	75.75618780641385	3874.6970476545953	194.77428442035082	81.17440795898438	3.05755238684749	92.99034167989531	8.507883202057558	5.796318748357248	115.307722517697	68.67248553374347	2.5866492572454622	78.66861064163369	7.293121341024151	4.903609713995743	97.54882241366613
26.0	13.02282827348241	0.49052380759229264	1.4699172113145829	18.498843498964238	0.9299047024323671	2841.3648349720665	107.02414777651386	76.49801887612304	4036.140406814495	202.88976141585457	82.48381805419922	3.106873226538853	94.49035252339485	8.6332741358152	5.889818146443612	117.16773110559078	69.4609897807168	2.6163494189465597	79.57189138227238	7.370689438791277	4.959913444011245	98.66888760662653
27.0	13.545353655580072	0.5102054876857078	1.5279946874428796	19.24108743128604	0.9672160145182596	2955.3711947960546	111.31836348267285	77.19790442680276	4198.0857050232535	211.03047001472282	83.75630187988281	3.1548031844685682	95.94806202455004	8.754800099496022	5.980680796892728	118.97528616597779	70.21094822430274	2.6445976967828604	80.4310155036336	7.444345298264265	5.013464782374469	99.73419873469174
28.0	14.06950008043965	0.5299482267174078	1.5861835941372227	19.98563404438717	1.0046430783637155	3069.7312392270237	115.62590123504637	77.85929682711713	4360.533409933163	219.19643372502333	84.99406433105469	3.201425311221165	97.36599602797604	8.872700300574449	6.069064141867234	120.73351973800047	70.92456425061503	2.671477084503757	81.24850712178694	7.514323172391253	5.064421063503518	100.7478856936133
29.0	14.595268963148524	0.5497520779887213	1.6444835719544184	20.73248534839011	1.0421859950140977	3184.445277013538	119.94677266309908	78.48527962083246	4523.483960119565	227.38767459317603	86.20024871826172	3.2468580041697415	98.74775539174017	8.987299851778383	6.1551926317858365	122.4468968740003	71.60497975511319	2.6971059261810204	82.027965473729	7.580946897044001	5.113006636771739	101.71441152561017
30.0	15.122661617946669	0.5696170910024125	1.7028942495498096	21.481643210164272	1.079844858313686	3299.513594900932	124.28098856751193	79.07861549242132	4686.9377629023575	235.60421309444405	87.37397003173828	3.2910679281315813	100.09232628201768	9.098538721772538	6.239003071870453	124.11416042331803	72.2513084137916	2.7214508371291686	82.7683752200912	7.644144132235772	5.159158213556767	102.63251721315376
31.0	15.651679250980408	0.5895433111897406	1.7614152429495935	22.233109343032712	1.1176197543882516	3414.9364560502995	128.62855886063107	79.64178693682561	4850.895192100175	243.84606802004032	88.51823425292969	3.3341683077790156	101.4031522378341	9.2067243526408	6.320710106453538	125.73958036319287	72.86655500194928	2.744624996589275	83.47317851818339	7.7042219570535035	5.203090352065286	103.50647102016016
32.0	16.1823229528379	0.609530779629298	1.8200461548050406	22.98688529616888	1.1555107611120505	3530.714098409865	132.98949250512322	80.17703089606559	5015.356585716935	252.11325636083407	89.63478088378906	3.376224663988421	102.68222596705196	9.31204145210554	6.400437945960977	127.32562764492056	73.45245793095117	2.766693884359123	84.14436682653132	7.761361807637827	5.244927184848928	104.3387423487517
33.0	16.714593690866003	0.6295795327576142	1.878786573628784	23.74297244368273	1.193517947559202	3646.846733038645	137.3637974508338	80.68636838165723	5180.322243560607	260.4057931876508	90.72550964355469	3.417308552453732	103.93172371641579	9.414687655367567	6.478322241252622	128.87500080741626	74.01091595268869	2.787729019696118	84.78411528372354	7.815759291566358	5.28480429369342	105.13202836373353
34.0	17.248492301267884	0.6496896020715002	1.9376360730133486	24.50137197339547	1.2316413734394125	3763.334542382283	141.7514805698439	81.17162990975145	5345.79242479405	268.72369152815673	91.789794921875	3.457396408649236	105.15092881029089	9.51462158417468	6.554318320157757	130.3868111752139	74.54130262060711	2.8077068065777353	85.3917062562024	7.867363069388152	5.322676946718344	105.88543920181841
35.0	17.78401948098141	0.6698610138221364	1.9965942108321362	25.26208487530285	1.2698810885180467	3880.177678501046	146.15254758972512	81.63447742364546	5511.767345417893	277.0669622403281	92.82998657226562	3.4965767432324912	106.34253315228096	9.612080342720004	6.628593975707845	131.86439670006393	75.04596709128421	2.826715729410355	85.96983084918593	7.916410604331511	5.358712887189798	106.60231182476109
36.0	18.321175779338503	0.6900937887009104	2.05566052842312	26.025111929727306	1.308237132020558	3997.376261250035	150.56700302499453	82.07642325688369	5678.247175685531	285.4356138825071	93.84796142578125	3.5349202497806402	107.50868676929028	9.707254494129836	6.701283224415027	133.31042340836444	75.52678564644275	2.84482646107973	86.52063846028446	7.963092038720352	5.393046092394469	107.28531147863715
37.0	18.859961589505836	0.710387941517018	2.114834549755505	26.790453695159563	1.3467095320213038	4114.930376411689	154.9948501067727	82.4988465927818	5845.232037450367	293.8296525800524	94.84296417236328	3.572398478439467	108.64852440658908	9.800087405045153	6.7723321328049035	134.7238183870528	75.98300258285744	2.8620105369224484	87.0432633843713	8.007341227006286	5.4256226007836	107.93336469189323
38.0	19.400377139707796	0.7307434808668632	2.1741157805796876	27.55811049579089	1.385298304816815	4232.840073780779	159.43609071065225	82.90300779769373	6012.722001445551	302.24908188859644	95.81696319580078	3.6090855712532903	109.76430097044282	9.890775984995956	6.8418812547804535	136.10737771259522	76.41658605609298	2.878342090386427	87.53996026626663	8.049355744577321	5.4565829499636385	108.54926721680434
39.0	19.942422484232676	0.751160408795294	2.2335037075608386	28.32808240873746	1.4240034542835887	4351.105365202107	163.89072528278498	83.2900609417205	6180.717084496548	310.6939026539262	96.77074432373047	3.645011127565386	110.85691667536832	9.979405539207228	6.909986702946353	137.46221764807714	76.82832183949779	2.893850718770092	88.01162925829671	8.089217696900418	5.485983248662763	109.13413523933967
40.0	20.486097494223813	0.771638720448736	2.2929977973965223	29.100369250959208	1.4628249712205181	4469.726222561291	168.35875276420163	83.66106476875896	6349.217246667059	319.1641128685133	97.7052001953125	3.680208769930735	111.92739409513716	10.066070382789814	6.976712216863254	138.78960618166346	77.21910270108869	2.908570049481999	88.45929308184641	8.127018956435583	5.513887245642736	109.68923693070425
41.0	21.031401848257296	0.7921784037202895	2.3525974959187477	29.874970565875554	1.5017628326760915	4588.702575728971	172.84017051337767	84.01699233541454	6518.222388338782	327.65970752471884	98.62179565429688	3.7147336738241803	112.97741129952831	10.150916824773134	7.042162394784536	140.09162411444535	77.59039380603957	2.922555270103891	88.88463017490577	8.1629061253834	5.540399562108444	110.2166535485698
42.0	21.578335022708934	0.812779438886886	2.4123022271809664	30.6518856096817	1.5408170012605351	4708.0343104590465	177.33497422706722	84.35873950348984	6687.732347225868	336.18067846471536	99.51969909667969	3.748554515668858	114.00601563434427	10.23387791756459	7.106277855410103	141.36709015830337	77.94136407397076	2.9357750767819724	89.28668848312152	8.196803415220016	5.565460854149569	110.71520454862167
43.0	22.126896281912583	0.8334417982385878	2.4721113925304596	31.431113337368647	1.5799874244430625	4827.721266241383	181.84315785942212	84.68713244203714	6857.746895324706	344.7270142271578	100.40050506591797	3.7817313562681116	115.01503374845908	10.315110583020696	7.1691724582970195	142.61826935192528	78.27360878400539	2.9482895580295243	89.66729549811902	8.228869111569459	5.5891850338539575	111.18715601455665
44.0	22.677084668113817	0.8541654457001787	2.532024369666765	32.21265238845242	1.6192740338345104	4947.763234109871	186.3647135394293	85.00293427116962	7028.265735800288	353.2986998906662	101.26480865478516	3.8142866106585966	116.00514735772038	10.394678522081806	7.230888696485718	143.8460070207544	78.58772398667134	2.9601211649584176	90.02713403291334	8.259164494357895	5.611614662651208	111.63335463230199
45.0	23.2288989912219	0.8749503364451565	2.5920405116866743	32.9965010724168	1.6586767444555668	5068.159954406479	190.89963148669054	85.30685096003805	7199.288499810057	361.8957169141667	102.1138916015625	3.846268557380799	116.97782477318476	10.47270788898056	7.291518093447907	145.0521238657455	78.8849926103406	2.9713182209356424	90.36767376188412	8.287816663722802	5.632841348992341	112.05562279332871
46.0	23.782337818364542	0.8957964165022981	2.6521591461164893	33.782657353875955	1.6981954539909248	5188.911114502272	195.4478999255813	85.599536574864	7370.8147432666265	370.51804297415816	102.94691467285156	3.877645585485591	117.93210460070806	10.549129425246258	7.351000723100921	146.23542776127343	79.16457685448702	2.981849168983293	90.68795493233166	8.31474800122443	5.652805269109997	112.45277040739748
47.0	24.337399463250158	0.9167036223549732	2.7123795739322616	34.571118837463565	1.7378300420296835	5310.016346476432	200.00950499782786	85.88159795908466	7542.843943540852	379.16565179898214	103.7652587890625	3.9084697093529015	118.8695687706548	10.624077380284941	7.409435191089872	147.39788029586683	79.42785932581234	2.991766086997928	90.98956140637259	8.34009459165492	5.671605149060188	112.82676145840325
48.0	24.894081975343	0.9376718805334098	2.772701068568779	35.361882752456204	1.7775803692923935	5431.475224754456	204.58443067354617	86.15359891603525	7715.375496106897	387.8385130001759	104.5693359375	3.9387564470850305	119.79068924015031	10.697596469697025	7.466850915673523	148.5400666948326	79.675253962157	3.001084566551621	91.27296737559244	8.363898868959913	5.689270546381129	113.17818394237642
49.0	25.45238312885646	0.9587011072001114	2.833122874918083	36.15494593713836	1.8174462768451123	5553.287263706674	209.17265866078696	86.4160639547871	7888.408711130952	396.5365919009931	105.35966491699219	3.9685253399959843	120.69606032557463	10.769740752948758	7.52328494206661	149.66272390855727	79.90728178813572	3.009824232795873	91.53876970614849	8.38621332074091	5.705838665221497	113.50777797141889
50.0	26.012300411571566	0.9797912077286888	2.8936442083184266	36.95030482291918	1.8574275853009827	5675.451915208631	213.77416831364374	86.66948165146232	8061.942810005766	405.2598493622007	106.13674926757812	3.99779535465524	121.58625886341426	10.84056245362943	7.578773225918735	150.76656721241582	80.12444885600655	3.018004146926551	91.78754811243058	8.40708874827527	5.721345640617752	113.81626238949663
51.0	26.57383101348768	1.0009420762763723	2.9542642535346526	37.74795541821093	1.897524094009827	5797.96856616486	218.38893653898216	86.91430767130554	8235.976921833184	414.0082416052627	106.90141296386719	4.026597527267396	122.46222876791988	10.910142508968125	7.633374603747422	151.8527670570221	80.32758195037951	3.0256554509910236	92.02024972772021	8.426606535058683	5.7358505097375945	114.10481163881117
52.0	27.13697181531261	1.0221535953504755	3.0149821637308953	38.54789329207915	1.937735580236275	5920.836535997611	223.0169377018493	87.15096749079889	8410.510079856906	422.7817200330206	107.65318298339844	4.054914040752035	123.32342816239203	10.978443524865565	7.68705529903335	152.92065151702374	80.51621116808583	3.0327604454015598	92.23633624866147	8.44472328813484	5.749319718797075	114.37275822494459
53.0	27.701719376801428	1.0434256353691587	3.075797059436794	39.35011355767816	1.9780617983270887	6044.055074102579	227.65814352964009	87.37985885399361	8585.541217848366	431.58023104801777	108.39297485351562	4.082779379780933	124.17090584044254	11.045554123072684	7.739880685684882	153.97152109310272	80.69125547671419	3.0393537444117738	92.43686040988106	8.4615288773027	5.7618188873577925	114.62140753542455
54.0	28.268069924952112	1.0647580542168018	3.1367080275082246	40.154610855482936	2.0185024788682626	6167.623357273389	232.31252301508653	87.60135399285147	8761.069166448216	440.40371586859305	109.12113952636719	4.110206763478271	125.00506383962266	11.111511215156895	7.791875823700222	155.0058743105205	80.85306960141507	3.045448709261469	92.62222857113912	8.47705878108159	5.77337334483196	114.85126345503755
55.0	28.836019342068727	1.086150696794386	3.197714120083861	40.96137933633296	2.0590573278326674	6291.540487097179	236.98004231815872	87.81580163763468	8937.09264946679	449.2521103429103	109.8380126953125	4.1372088362237	125.82628671759002	11.176350046368489	7.843064683512437	156.0241880195271	81.00199335324378	3.0510581394293146	92.79283000717054	8.491346892032743	5.784007355679769	115.06280868319413
56.0	29.405563153702314	1.1076033945652695	3.25881435353876	41.7704126443024	2.0997260257189603	6415.805487323499	241.66066466696068	88.023528840149	9113.610280146622	458.1253447610828	110.54400634765625	4.1638011161195205	126.63504643146997	11.240112477645425	7.893476683380289	157.02704744542942	81.13844319395393	3.056197721554251	92.94914180086069	8.504434309514867	5.793750657661328	115.25663480112702
57.0	29.976696516480995	1.1291159650967915	3.3200077074363463	42.58170389941274	2.140508226682583	6540.4173012090505	246.35435025771582	88.22484262985841	9290.620557390681	467.0233436655723	111.23939514160156	4.189993948567265	127.43165761934607	11.302827693203797	7.943131435476286	158.01484273843207	81.26269862512056	3.060877983470473	93.09148413867737	8.516348859128714	5.802623208793704	115.43313883901934
58.0	30.549414205841543	1.1506882115981631	3.3812931234801895	43.39524568020565	2.181403557659727	6665.374788840911	251.06105615394247	88.42003152047867	9468.121861960015	475.94602566005193	111.92451477050781	4.215799977946584	128.21650483887598	11.36453014904147	7.992052910233496	158.9880507487851	81.37510056466627	3.0651117663484206	93.22024756334096	8.527124133596857	5.810649352573768	115.59280506857947
59.0	31.123710603675047	1.1723199224551242	3.4426695044670343	44.21103000619369	2.222411617485163	6790.676724441026	255.78073618492368	88.60936688256893	9646.112452644813	484.8933032169314	112.599365234375	4.241219204257478	128.9895880900597	11.425223886101078	8.040241107651916	159.94667147648858	81.47565463069995	3.068899281802353	93.33543851074522	8.536761475314416	5.817829490166753	115.73564147029487
60.0	31.699579685901746	1.1940108707619301	3.5041357132427495	45.02904832021045	2.2635319760050114	6916.321793655244	260.5133408435947	88.79310419582744	9824.590462413486	493.8650824837786	113.26493835449219	4.266288985894371	129.75204356597672	11.485001890894946	8.087766849465607	160.89211379728118	81.56535866859045	3.0722781151324408	93.43820007492833	8.545357210725346	5.824234873460596	115.86306547707075
61.0	32.277015009987394	1.2157608138511389	3.565690571662584	45.84929147067761	2.304764173185341	7042.308590829598	265.2588171839501	88.97148419321667	10003.553894543647	502.8612630888306	113.9210205078125	4.291001276433849	130.50362654811767	11.543848554170296	8.134614881762616	161.82407426100391	81.6440054978251	3.0752404625827103	93.52829491770521	8.552892079005948	5.829850708577275	115.97478279032629
62.0	32.85600970241981	1.237569492821896	3.6273328595577605	46.67174969381551	2.3461077182179224	7168.635616277889	270.01710871812344	89.14473390766872	10183.000618740734	511.881737945883	114.56805419921875	4.315372743467271	131.24484395339485	11.601807040704786	8.180816801931986	162.74318144298633	81.71204449679894	3.077803250645375	93.60623783002474	8.559409647823681	5.834709083714063	116.07143174917081
63.0	33.436556446159436	1.259436632067242	3.6890613137098867	47.49641259581666	2.3875620886241222	7295.301273543613	274.7881553132536	89.31306763091551	10362.928367248584	520.9263930587763	115.20616149902344	4.339407984950873	131.97583562095656	11.658891600681557	8.226381326494831	163.64960874331936	81.769605052864	3.0799713528836308	93.67217703315976	8.564922743784829	5.838819237870708	116.1531961475027
64.0	34.01864746808251	1.2813619388011412	3.750874626835191	48.32326913500894	2.42912672935828	7422.30386666027	279.57189308829055	89.4766877929363	10543.334730957735	529.9951073257657	115.83560180664062	4.363116771541659	132.69689870899285	11.71512863328539	8.27132697805852	164.5437246371963	81.8169543385581	3.0817548327405175	93.72641858989793	8.569457315544781	5.842200248700239	116.22045550218732
65.0	34.60227452643588	1.3033451025859484	3.8127714465805544	49.1523076040352	2.4708010519119044	7549.641597414205	284.36825431089613	89.63578576958908	10724.217155517295	539.087752344073	116.45680236816406	4.3865151960864575	133.4085226545225	11.770559333899339	8.315684264446956	165.42613602493532	81.85452784172818	3.083170093500509	93.76946137869982	8.573055354873695	5.84488321253505	116.2738284209001
66.0	35.18742889831974	1.3253857948609293	3.874750374533066	49.983515612072594	2.5125844334198724	7677.312562613562	289.1771672945751	89.79054262517899	10905.57293745552	548.2041922148733	117.06939697265625	4.409589464716558	134.11028794010082	11.825153987773719	8.359427036096791	166.29632270626368	81.88196807433651	3.0842036698556288	93.80089587474582	8.575682853114726	5.8468426026769205	116.3128070941911
67.0	35.77410136722301	1.3474836684727611	3.936809965245619	50.8168800671266	2.5544762157703795	7805.314751368696	293.9985562962383	89.94112979600219	11087.399220316649	557.3442833491016	117.67437744140625	4.432376935826385	134.80333075880733	11.879003797835928	8.40262611474209	167.15569355692017	81.90027607418324	3.0848932673536242	93.82186882920314	8.577435824137204	5.848149898971709	116.3388134897936
68.0	36.36228221062756	1.369638357208628	3.9989487252802207	51.65238715842298	2.5964757047198157	7933.646042387633	298.83234141433155	90.08770972026987	11269.692990819123	566.5078742743328	118.27156066894531	4.454870712481584	135.4874413519196	11.932095100110248	8.445268425601174	168.00398847676846	81.90927845831774	3.0852323552729555	93.83218162109962	8.578297767947992	5.848792720881358	116.35160131834547
69.0	36.95196118770649	1.391849475332858	4.061165112271532	52.49002233893323	2.638582169014347	8062.304201292029	303.678438487738	90.23043641926036	11452.45107504293	575.6948054431252	118.86125183105469	4.477082289572746	136.16296931730832	11.984457599346442	8.487375759976834	168.8416409660358	81.9092906433482	3.085232814239887	93.83219557981117	8.578298934606988	5.848793590962486	116.35161862710257
70.0	37.543127527137955	1.4141166171279158	4.123457534012819	53.3297703080642	2.680794839519757	8191.28687795836	308.53675899562995	90.36945603405175	11635.670134652775	584.9049090431677	119.44367980957031	4.499020288267815	136.8301768533764	12.03611406869121	8.528964461346158	169.66897614989273	81.90055228243236	3.0849036711398985	93.82218524296094	8.577462270261144	5.8481696218264005	116.33920584182853
71.0	38.13576991505915	1.4364393564406686	4.185824347566687	54.171614994546815	2.723112908361288	8320.59160388967	313.40720995847164	90.50490732175044	11819.346663164668	594.1380088096058	120.01861572265625	4.520676087398847	137.4888017617209	12.087046619604594	8.570018186232057	170.48566890316874	81.8828458075971	3.0842367309581786	93.80190137288075	8.575766896651551	5.84690527787077	116.31405390862193
72.0	38.729876483183084	1.4588172462347888	4.248263858402874	55.01553953955599	2.7655355280751137	8450.215789622856	318.28969384036117	90.63692211473936	12003.476982262984	603.393919839908	120.58673095703125	4.5420749757251455	138.13961315765715	12.137317035684426	8.610584875500663	171.2926729263639	81.85685447384816	3.0832577294903563	93.77212668074807	8.573278143896095	5.845049347425549	116.27713338680792
73.0	39.32543479710664	1.48124981815036	4.310774319565809	55.861526280102396	2.8080618107734656	8580.156722177682	323.18410845294375	90.76562574612679	12188.05723817681	612.6724484117101	121.14820861816406	4.563223850181065	138.7828207999075	12.186943661691632	8.650677603933648	172.09024831961472	81.82277382105742	3.0819740320307054	93.73308516966881	8.570014607826202	5.842615793160183	116.22872203951232
74.0	39.92243184483326	1.5037365820715671	4.373353930874191	56.70955673272889	2.850690827325089	8710.41156255261	328.09034686108873	90.89113744426456	12373.083398122788	621.9733918040039	121.7030029296875	4.5841209865330175	139.41837224879143	12.23592454224088	8.690293102835595	172.878330057887	81.78057108485424	3.0803844044614506	93.68473930601505	8.565972984633726	5.839602275510506	116.16877332515814
75.0	40.52085402553813	1.52627702570352	4.4360008381552145	57.55961157755163	2.8934216065530087	8840.977343273562	333.0082972905599	91.01357069893177	12558.551246823146	631.2965381221039	122.25119018554688	4.604769258503651	140.04635490377652	12.284268468679668	8.729436820032198	173.65702651623764	81.73033616000875	3.07849223280013	93.62719206984664	8.561161678198923	5.83601521347919	116.09741493868603
76.0	41.1206871386068	1.5488706141593789	4.498713132516391	58.41167064268945	2.936253134451828	8971.85096600232	337.93784303793234	91.13303360153358	12744.456383108443	640.6416661268739	122.7928466796875	4.625171539815612	140.6668561643305	12.331984172604493	8.768114203349155	174.42644606972345	81.6721595410807	3.076300925656233	93.56054712831983	8.555589114293577	5.831861068897328	116.014775427034
77.0	41.72191637296966	1.5715167895586193	4.56148884965696	59.26571288911359	2.9791843534261484	9103.02919920949	342.8788623829417	91.24962916144354	12930.79421661204	650.0085450685632	123.32858276367188	4.645350820250085	141.28057522619454	12.379127297263745	8.806368835392043	175.18745571879907	81.60666639070222	3.0738340306914664	93.48552064417882	8.549314908999065	5.827184481965894	115.92174282968547
78.0	42.32452629676726	1.5942149706377633	4.624325969222182	60.1217163959673	3.0222141615526095	9234.508675919647	347.83122850355113	91.36345560042248	13117.559964567075	659.3969345257965	123.8582763671875	4.665302501850836	141.88737225022038	12.425688881261118	8.844191999639744	175.93988206337357	81.53375007042024	3.0710875312130725	93.40199045643189	8.542328555432936	5.821977838087133	115.81816566740628
79.0	42.9285008473723	1.6169645523745424	4.6872224142028225	60.97965834639218	3.065341411867407	9366.285891534295	352.7948093939503	91.4746066268693	13304.748648714005	668.8065842501214	124.38214111328125	4.685034631041276	142.48749195491752	12.471689445904241	8.881598950004209	176.6840285536061	81.45364026590894	3.0680700786667336	93.3102196843287	8.534651739674594	5.816257538136802	115.70437020721391
80.0	43.53382332180253	1.639764905626786	4.750176050382915	61.83951501390979	3.1085649116817176	9498.357201740124	357.7694677857669	91.58317169150001	13492.355092329302	678.2372340166457	124.90016174316406	4.704546633076878	143.08091686039236	12.517129343159809	8.9185885969203	177.41987351448532	81.36633842136153	3.0647817274500913	93.21020998228256	8.526284252668406	5.8100236852385825	115.58035850057551
81.0	44.14047636755042	1.6626153767870069	4.813184685838079	62.70126174939517	3.1518834219268834	9630.718820508195	362.75506107270286	91.6892362259089	13680.373917383298	687.688613481168	125.41229248046875	4.7238367837240505	143.66759452696436	12.562006234546422	8.955157671692598	178.14735192097703	81.27181611291833	3.061221406937044	93.10192878899137	8.517222990552737	5.803274249765715	115.44609017158187
82.0	44.7484419738659	1.6855152874540527	4.8762460704876105	63.564872968694125	3.1952956565319495	9763.366818191986	367.7514412388945	91.79288186533714	13868.799541838473	697.1604420443662	125.919189453125	4.7429297969975694	144.2482765900553	12.606379187209777	8.991353025622097	178.8673957985701	81.17074747925909	3.0574145095435163	92.98614837231322	8.50753218700797	5.796057369090147	115.30252282987597
83.0	45.35770146352006	1.7084639341228747	4.939357895702729	64.43032214092352	3.2388002818355472	9896.297119730349	372.7584547912242	91.89418665685761	14057.626177096769	706.6524287234794	126.42071533203125	4.7618205001966665	144.82280573062343	12.650237661731227	9.027164852622542	179.57981007216216	81.06301386851119	3.0533565660737914	92.86273280913575	8.497200061936221	5.788364570786994	115.14948793123862
84.0	45.96823548508406	1.7314605878937015	5.002517793973956	65.29758177750365	3.2823959160345604	10029.505502962922	377.7759426958683	91.99322525408077	14246.847825606652	716.164272032019	126.9168701171875	4.7805088933213415	145.39118194866873	12.693583139108235	9.062593152693932	180.28459474175327	80.94863463210345	3.0490483054276405	92.73170426772629	8.486228038003958	5.780197236659372	114.9870129642496
85.0	46.58002400575408	1.7545044942017793	5.06572333864019	66.16662342196598	3.32608112867179	10162.987597064632	382.8037403193299	92.09006909939106	14436.458278639311	725.6956598679815	127.40789794921875	4.79900417228407	145.95368492248772	12.736438378167092	9.097655358878498	180.9820966075252	80.82787394346467	3.0444996780822904	92.5933653752062	8.474641006392057	5.771574230206708	114.81547318555921
86.0	47.19304630475338	1.7775948725688517	5.128972043682045	67.03741764058088	3.3698544401648167	10296.738881106141	387.8416773742163	92.18478659463814	14626.451114243813	735.2462694110579	127.89363098144531	4.817300014895024	146.51012237325156	12.77879013139271	9.132339485959706	181.67207724435298	80.70058467669193	3.0397051423261723	92.44754758968739	8.462424378512111	5.762485045794889	114.63465960377212
87.0	47.8072809673473	1.800730916377726	5.1922613635825	67.90993401385604	3.413714321378647	10430.754682748022	392.8895778700531	92.27744326112993	14816.819695392158	744.8157670293893	128.37474060058594	4.835421709913508	147.06126341627555	12.820698257936561	9.166693474803688	182.35549035273678	80.56745963323863	3.0346907935357814	92.2950445583979	8.449644170610672	5.7529791534250405	114.44555633888072
88.0	48.42270587949837	1.82391179267095	5.255588693256908	68.78414112894397	3.457659193244048	10565.030177074588	397.9472600693586	92.36810188970338	15007.557168322757	754.4038081962959	128.8508758544922	4.85335603821534	147.60670601400852	12.862133450465105	9.20069226541224	183.0318374074151	80.4281699749938	3.02944424554439	92.13547957679428	8.436268329319093	5.743033072168191	114.24769627847111
89.0	49.039298223196205	1.8471366419749053	5.318951368055198	69.66000657300819	3.501687426424081	10699.560385574952	403.01453644926414	92.45682268158575	15198.656461093035	764.0100374175189	129.32229614257812	4.8711127704575246	148.14674732464056	12.903119541978878	9.234354380392729	183.70148688358117	80.28299791938193	3.023976128482619	91.96917594251903	8.42232344728385	5.732666953968648	114.041480310573
90.0	49.65703447249262	1.8704045781504648	5.382346663838637	70.53749692759118	3.5457973410309833	10834.340175277961	408.09121366893	92.54366338070098	15390.1102823506	773.6340881694497	129.78903198242188	4.888693056129119	148.6814223079586	12.943660393603675	9.267681998875435	184.36448213125777	80.13199750992925	3.018288477978654	91.79619556579851	8.40781419999611	5.721884657844451	113.82698520366658
91.0	50.2758903902736	1.8937146882714035	5.445771797133549	71.41657776402894	3.5899872063956715	10969.36425804789	413.1770925430166	92.62867939802314	15581.911120332792	783.2755828488384	130.2513427734375	4.906106665887128	149.21102812215273	12.983779695011131	9.300693643467728	185.0211916256381	79.9754523831639	3.0123919776157244	91.61686336994698	8.392767320130542	5.710706437072056	113.60461386160915
92.0	50.89584102579424	1.9170660325315492	5.5092239253638535	72.29721363994939	3.634255240891715	11104.6271900466	418.2719680214262	92.7119239285301	15774.051242102674	792.934132734389	130.70880126953125	4.923337506884723	149.73507533020413	13.023441533885551	9.333358806345704	185.6710084664039	79.81296024373701	3.006271474353173	91.43071850057832	8.377143592420326	5.699103565453988	113.3737948264545
93.0	51.51686071301535	1.9404576441821275	5.572700147165474	73.17936809690953	3.6785996118165696	11240.123371370624	423.3756291756328	92.79344806126893	15966.522693033521	802.6093379608453	131.162109375	4.940412017370264	150.25436800721513	13.062707883259492	9.365727607505773	186.314929704078	79.64524866198465	2.999954373188136	91.23859443484189	8.361012422044588	5.687127995689204	113.1355616071685
94.0	52.138923069754135	1.9638885294997719	5.63619750278302	74.06300365918901	3.723018435330924	11375.847045865858	428.4878591917026	92.87330088300061	16159.31729654558	812.3007875057581	131.6112060546875	4.957327898365634	150.76883623361164	13.101574485373433	9.397795688687381	186.95286863861503	79.47228298493337	2.993439368865862	91.04045147559765	8.344369940864091	5.674777253356459	112.88986497942601
95.0	52.762000997699005	1.9873576677870808	5.699712974552863	74.94808183381112	3.7675097764597596	11511.79230113078	433.60843537041495	92.9515295758614	16352.42665411066	822.0080591897157	132.05609130859375	4.974085149870833	151.2784800093937	13.14004236474214	9.429563049890525	187.58482527001487	79.29409031089475	2.9867274820837517	90.8363206656498	8.327218203572437	5.662053273430766	112.63674343620374
96.0	53.38606668329151	2.010864011405837	5.763243487472003	75.83456311179563	3.812071649155326	11647.953068708888	438.737129134511	93.02817950943762	16545.84214552547	831.7307196900853	132.49664306640625	4.990679173929623	151.78315949541303	13.178101992905333	9.461020974594094	188.21062619818665	79.11057638311473	2.979815162523786	90.62609402801412	8.309547563941404	5.648949325438767	112.376063086391
97.0	54.011091599514344	2.0344064858443556	5.8267859098556585	76.72240697069861	3.8567020164248156	11784.323124478813	443.87370604338776	93.1032943276258	16739.55492946578	841.4683245688684	132.93328857421875	5.007126063388834	152.28336412868845	13.215791260150594	9.492199970621984	188.83087832344862	78.9221969747044	2.9727195775444786	90.41029367918516	8.291401337943093	5.635497954197168	112.10847135274999
98.0	54.63704650860776	2.0579839898198022	5.890337054084863	77.61157187847107	3.901398790524328	11920.896089246975	449.0179258154214	93.17691603062019	16933.55594432829	851.2204183150208	133.36553955078125	5.023407426423519	152.77853455262706	13.25306899576489	9.523065171889739	189.44488804543704	78.72849304217348	2.9654234366037167	90.18839375624528	8.272734719317738	5.621666381365411	111.83331616696599
99.0	55.26390146573018	2.081595395416074	5.95389367744464	78.50201529865883	3.9461598332202636	12057.6654295463	454.16954235805207	93.24908505234316	17127.835909365196	860.9865344014848	133.79428100585938	5.039556598216395	153.26968460105363	13.29001244440702	9.553679773175443	190.05391251481123	78.53037954012919	2.95796120280032	89.96144239670093	8.253635302812729	5.6075199399551785	111.55189721615237
100.0	55.89162582359148	2.105239548258321	6.017452483054572	79.39369369698412	3.990982956120161	12194.624458647095	459.3283038058601	93.31984033361265	17322.385326120133	870.766195357372	134.21905517578125	5.0555563364315725	153.75628987716212	13.326583025045283	9.584011087524912	190.65730148123012	78.32742935218977	2.950316788173251	89.72895031212643	8.234061349515008	5.5930281314047505	111.26360778424598
110.0	62.209456083478194	2.3432098331857385	6.652398849356213	88.36813079899562	4.44211230716912	13573.070089410543	511.2494675624206	93.9572648425191	19280.45844663017	969.1951270130539	138.270751953125	5.208169400866969	158.39776096616473	13.67386629218384	9.873325498109127	196.412710599383	76.06129586964681	2.8649595676812307	87.13295322225052	8.014930737219341	5.431213190940007	108.04457980038738
120.0	68.57564683523452	2.583001686524468	7.2835859997164984	97.4112636675366	4.896694874973849	14962.067176287414	563.5680672921588	94.48731479755035	21253.519842438738	1068.3774932108588	141.99761962890625	5.348547303756109	162.66712008168503	13.99085922979026	10.139445246006673	201.70670207556714	73.42197279367173	2.765545617231641	84.10944420247961	7.758390506814037	5.242750371032824	104.29543840803053
130.0	74.9498133028651	2.823093956826145	7.9070695984463715	106.465725988993	5.351846954680368	16352.804431900515	615.9522130136298	94.93238696846126	23229.053136704177	1167.6841174466924	145.4451904296875	5.478405082775336	166.61652722601886	14.282030413386966	10.385621593593395	206.6039541437	70.4953771268224	2.6553111259491913	80.75684653208171	7.4722493585132685	5.033774638913028	100.13822815470701
140.0	81.28823664644577	3.0618399102651557	8.51879725317014	115.46941543346159	5.804446770129415	17735.743131498388	668.042614756452	95.30899612876782	25193.508632490357	1266.4338800117393	148.64639282226562	5.598983036619542	170.28370400940543	14.550634468036382	10.614205822440033	211.15124147831042	67.35815617581986	2.5371431263543864	77.16296447621924	7.163536718303388	4.809759052310618	95.68182604484882
150.0	87.54669155480538	3.2975737360381885	9.114885373002533	124.35951023190201	6.251336380207047	19101.234046715388	719.4758202705577	95.62968649412532	27133.17966319051	1363.9377706047323	151.62661743164062	5.711237540185991	173.69773697467994	14.79918819835188	10.827010968938474	215.38463129831203	64.07992587683525	2.4136638041478022	73.40754742701827	6.838739638358031	4.5756745887314265	91.02512106641002
160.0	93.683432368354	3.5287230230328133	9.691885658840256	133.0767109443388	6.689534905157842	20440.168967976715	769.9087555671671	95.90423898169466	29035.128075897937	1459.5454107720454	154.40652465820312	5.8159467975677686	176.88229389768298	15.029735328235038	11.025512304287414	219.33347156909508	60.72309228984912	2.2872237745349557	69.56208541423572	6.503791258391017	4.335977399129572	86.2567606247563
170.0	99.66179070995449	3.753906603380282	10.24699232384179	141.56893037774617	7.1164240123420415	21744.547464410898	819.0400727569398	96.14044665431071	30887.98931020321	1552.6855238191981	157.0032958984375	5.9137579711052135	179.85705713853017	15.243970110644739	11.21093667883377	223.02216835345814	57.34150518848301	2.1598513677249316	65.68826670852678	6.163928867436145	4.0945126664917275	81.45323797571197
180.0	105.45197223567082	3.9720022296912187	10.778159320149118	149.7938458588883	7.529876214554091	23007.868905021118	866.6249160987614	96.34462138673506	32682.529261737498	1642.89392737307	159.4337158203125	6.0053032797808905	182.6412545801053	15.443504433214768	11.384482614230837	226.47456416390432	53.98174358464168	2.0333010500896718	61.83945047001403	5.823804195883035	3.8546063996767455	76.68071830501604
190.0	111.03188694342916	4.182177849841506	11.28412237498892	157.7200786824121	7.92831415882781	24225.313618244563	912.4817456385845	96.5219334237756	34411.901618157244	1729.8264692144724	161.71044921875	6.091059761554375	185.2493945340389	15.62957090620296	11.547054449544282	229.70864925986774	50.67856227532084	1.9088819117128688	58.055450483964336	5.486995077376071	3.618740290716471	71.98857057745563
200.0	116.38709086499541	4.383889410715633	11.764342334661464	165.3271112846782	8.310706462908856	25393.73017011037	956.4918580227059	96.67664780121011	36071.62978784961	1813.258118865588	163.84674072265625	6.171526294677363	187.69664954791563	15.803416606366653	11.699597927315068	232.74323755121443	47.459649857660835	1.7876368839617292	54.36798576346886	5.156452633005634	3.3888914644062127	67.41612626653622
210.0	121.51007186946501	4.576853956954208	12.218897521002074	172.60427273222814	8.676516717523699	26511.47953842307	998.5935170912708	96.81229704011625	37659.38555036598	1893.071840732078	165.85467529296875	6.247158076817303	189.99686369741184	15.966165079383229	11.842975983133568	235.59549564694666	44.34460342350374	1.6703041198630952	50.79950599817915	4.834367137422996	3.166459265609871	62.99122291471852
220.0	126.39915814344583	4.76100851726916	12.648353389454645	179.54918822493013	9.025625545598306	27578.196961267426	1038.7729835551045	96.93181349520219	39174.65076376032	1969.2415887191062	167.74493408203125	6.318357429144921	192.16227290799904	16.118801716419394	11.977951312597334	238.28059605502096	41.34577593858542	1.5573489118757602	47.36416227996543	4.522224836952629	2.9523257669990293	58.73140783009081
230.0	131.0572933933566	4.936463970653182	13.053631689156946	186.16603927875005	9.358243144670713	28594.524706492386	1077.0544493688378	97.03763473786664	40618.337765366174	2041.8132244383303	169.5281982421875	6.38552667283094	194.2051131051487	16.262291207260066	12.105286611303915	240.8137112833938	38.47090484883091	1.4490627021777582	44.07081833519648	4.221056422730862	2.7470434666332038	54.647672004643724
240.0	135.49085176090543	5.103460408443969	13.435893086704969	192.46388032083865	9.674824665052657	29561.85350595146	1113.4902984747143	97.13178953540782	41992.42208080414	2110.8860541282443	171.213134765625	6.448992262768176	196.13531286838636	16.397418482533137	12.22560075225247	243.20715273852127	35.72228300471957	1.3455318543242063	40.92210076694659	3.931331723747183	2.550776087199813	50.74327241768261
250.0	139.7085922265245	5.262327750405649	13.796439866429795	198.45515342635983	9.975995548232063	30482.094423698287	1148.152513885675	97.21596884519346	43299.61836422635	2176.5965387336455	172.809814453125	6.50913353034617	197.96440892744226	16.525065974596284	12.339612848434973	245.47522592790529	33.1012222266005	1.2468057799405208	37.91951234715525	3.653415500533748	2.363617300202908	47.02007250154547
260.0	143.72079448221854	5.413453196120149	14.136640103826208	204.1544608314499	10.262489823233507	31357.490317794345	1181.1255761195544	97.29158464958367	44543.11258103125	2239.1048311963114	174.32562255859375	6.5662286519172515	199.70086155078528	16.645887983496426	12.447850249378874	247.62842155704718	30.604828076375213	1.152775455797102	35.059737316650114	3.387218732663783	2.1853604261453663	43.47396072559725
270.0	147.53858017328133	5.557255658567173	14.457871651345373	209.57760076145763	10.535101639380029	32190.467746524933	1212.5008850308577	97.35981867125726	45726.35164159949	2298.5842017086175	175.76806640625	6.6205604017899855	201.3532708460325	16.760537947695678	12.550849021132738	249.67740373153924	28.229486232968668	1.0633047432228124	32.338635245458725	3.132560783968875	2.01574738175271	40.099802970081626
280.0	151.17340229390746	5.69416653146571	14.761482868929473	214.7408421207062	10.794648806208448	32983.52556300215	1242.3725635641113	97.42166259947585	46852.88515064647	2355.213082728616	177.14190673828125	6.67230810025761	202.92709053996558	16.869442224372584	12.648949108020044	251.6289350549278	25.968504444373792	0.9781415687919008	29.748539741963427	2.888913030109067	1.8543003018115958	36.88809293422162
290.0	154.63667641427455	5.824615798904605	15.0487666812864	219.66040065294445	11.041946460965935	33739.15445503916	1270.8344271059566	97.47795120655275	47926.251114133185	2409.169323665139	178.45458984375	6.721752222650574	204.43085082062748	16.97323268341561	12.742682217828802	253.4935929327597	23.817913429475453	0.8971364237459689	27.284903747350977	2.6560210948122127	1.7007357568628672	33.83319227981526
300.0	157.93952567047472	5.949022430016654	15.32094476910271	224.35207670119038	11.277788859427085	34459.78130618871	1297.9778877625713	97.52938954287706	48949.89690448054	2460.6262179365244	179.71063232421875	6.769062893349639	205.86972573650328	17.072302367551785	12.832370861840259	255.2777931683994	21.771106653744027	0.8200404633329853	24.940159064714532	2.4333283113302047	1.554582002413173	30.925716467208986
310.0	161.0926136062732	6.0677880827198045	15.57915917840222	228.8310177605284	11.502937439835858	35147.73272459106	1323.890580620572	97.57657523194122	49927.127453533336	2509.7498987209815	180.91455078125	6.814410236735569	207.24888933607807	17.167039138884927	12.918337551335666	256.9879515652113	19.821937174976796	0.746622154015764	22.70726398879144	2.220309250589258	1.4154001114998094	28.156933804682893
320.0	164.1060427820188	6.181293284674	15.824469171131517	233.11157445272102	11.718113582999678	35805.21292112234	1348.6555304952287	97.62001673423241	50861.073828612745	2556.6977593293827	182.0709228515625	6.857966676167246	208.57358558741117	17.25783089045726	13.000909155856833	258.6305706266054	17.96488006954371	0.6766733914932457	20.579889375347314	2.0164898005136447	1.2827955728571536	25.51899617388437
330.0	166.9893012659415	6.28989541779791	16.05785164341771	237.20722451744265	11.923994791460917	36434.29203468437	1372.3507121854896	97.66014831012713	51754.67664866584	2601.617619563928	183.18365478515625	6.89987934624425	209.84828934324634	17.345008559474866	13.080364604079433	260.2111991554915	16.194353519214758	0.60998392844634	18.551640903838837	1.8213746028013416	1.1563698126185151	23.003974638048824
340.0	169.75124303903237	6.39392798019017	16.280203865748668	241.13054497753788	12.1212132902928	37036.90185687488	1395.0488894374546	97.69734228863169	52610.68001118734	2644.64742043506	184.25579833984375	6.9402631958725	211.07649658228976	17.428832710233973	13.156921809031338	261.7341721541428	14.504555300811376	0.5463352156823308	16.61587176612236	1.6344297022685994	1.0357085187385375	20.60362717660497
350.0	172.4000916971272	6.493700725573762	16.49234764236409	244.89321739780732	12.310356291449443	37614.836639720714	1416.817645368823	97.7319191417673	53431.632639599295	2685.9152818382463	185.29046630859375	6.979235472936039	212.2617732028217	17.509565829335813	13.230803042000979	263.2039113248782	12.890374611466541	0.48553474736227603	14.766727219098266	1.4551844106640661	0.9204467505515345	18.310693927070893
360.0	174.943459561145	6.589500383111001	16.695034251875356	248.50605503097833	12.491967358346592	38169.75726521443	1437.7195395205674	97.76415577340555	54219.89380605101	2725.539800282835	186.290283203125	7.016895033493956	213.4071257465294	17.587429743766673	13.302195708192322	264.6241447696527	11.346823641979995	0.4273946503829547	12.998493416575029	1.2831700640278898	0.8102283498457288	16.118089738674374
370.0	177.38837644677923	6.6815917410558825	16.888949729515097	251.97904368486527	12.666548460182748	38703.197522383154	1457.8123442918802	97.79429235524887	54977.64224795477	2763.6304971108048	187.2581787109375	7.053352228495937	214.51591035297085	17.66266777770139	13.37130900411213	265.99903409064854	9.869802264158267	0.37176048744005447	11.306473406259071	1.118006628413726	0.7047605439293818	14.019990405783282
380.0	179.74132398343951	6.770218939427045	17.074720196843327	255.32139047220508	12.83456242250861	39216.571595111585	1477.1493269799405	97.82253797980822	55706.886804390095	2800.2883531703137	188.1959228515625	7.088673728307416	215.5901546897956	17.73543112849673	13.438269319316563	267.3310935891843	8.454598868122986	0.31845478888037154	9.685269745489984	0.9592365101980083	0.6037068968079526	12.009703116979257
390.0	182.00827260143578	6.855606863183968	17.252917049255803	258.54157635071334	12.996435568324388	39711.18213213134	1495.7795537478253	97.84907534881718	56409.47787947154	2835.606385059271	189.10589599609375	7.122949193075012	216.63258562039437	17.80591677231195	13.503246625967362	268.6237045670332	7.0976233946579725	0.267342329891045	8.130769797766211	0.806519356551062	0.5068110576429727	10.082128216319864
400.0	184.19471921438944	6.93796256158991	17.424061885477876	261.64740965070615	13.152560408820289	40188.22846869713	1513.7481993059253	97.87406467375482	57087.11912118662	2869.6702322002147	189.98919677734375	7.156220004404857	217.64446169710146	17.874220968718387	13.566319372754563	269.8784276250135	5.794477562954313	0.2182574428149467	6.637935058397566	0.6594163429786184	0.4137589639342744	8.231017974307338
410.0	186.3057242839836	7.017476644309752	17.58863111436165	264.6460787253388	13.303298290012457	40648.814713499756	1531.0968515173088	97.89764693136128	57741.378908803475	2902.5587342923254	190.8492431640625	7.1886149050715815	218.62969841606764	17.94061794983619	13.627731622269382	271.1001179656714	4.543518880078892	0.17113826076183017	5.204883949397858	0.5177933406917145	0.3244333322569256	6.454039240332627
420.0	188.34594742923107	7.094324622684966	17.747060209121372	267.5442025333405	13.44898193544915	41093.95751801683	1547.8638040416422	97.91994658979951	58373.70138918349	2934.3444860876743	191.68572998046875	7.220122400184594	219.58794617942246	18.00509318473678	13.68746158320903	272.28834208877953	3.3397825512376755	0.12579777749962806	3.825928989011744	0.38113470458617976	0.23847964775987934	4.744139555438999
430.0	190.31968107817912	7.168668177274136	17.899747602155742	270.34787844104454	13.589917849135663	41524.59341875596	1564.0843328914793	97.94107389918851	58985.41690639029	2965.0943616695345	192.50054931640625	7.250813758065566	220.5213724939636	18.06780097945841	13.745644361650788	273.44578769574724	2.1808682382271343	0.08214558079143007	2.4983204402801773	0.2492094389926716	0.15572651251512667	3.097909254702736
440.0	192.23088189451173	7.240656341581725	18.04705822837993	273.06272686367333	13.726388559574128	41941.58569401732	1579.7909547022173	97.96112682260002	59577.75174167673	2994.8700040645963	193.29534912109375	7.280751051123694	221.4318651881924	18.12887574814296	13.80239763062971	274.5747956878023	1.0644672265820248	0.040094709541969274	1.2194135269446995	0.12179283686171581	0.07600907105558186	1.5120688241289182
450.0	194.08319987220102	7.310426597950531	18.18932673400579	275.69393259410333	13.85865469728867	42345.7307118634	1595.0136658376305	97.98019266942495	60151.83713073497	3023.7282785244483	194.07122802734375	7.309975660965111	222.3206828144431	18.188408814497084	13.857799838835824	275.6769266657629	-0.011971844857271208	-0.0004509369854204898	-0.013714494159031695	-0.001371468224896129	-0.0008548584528474534	-0.017005928340427873
460.0	195.88000509845608	7.3781058856271615	18.326860372741862	278.2462828194607	13.986956905853603	42737.76376934991	1609.780162333012	97.99834948159089	60708.717558286226	3051.72168948019	194.82867431640625	7.338505979414763	223.1883847293087	18.24644408953411	13.911885852353594	276.75287422999287	-1.0513307820498312	-0.03959990621239781	-1.2043649113006545	-0.12058171551717878	-0.07507105350000963	-1.493408589467858
470.0	197.62441225495493	7.443811523636642	18.459941613797493	280.7242019249636	14.111517591422036	43118.36443828771	1624.116041251088	98.01566721390631	61249.358351701114	3078.89876226052	195.569580078125	7.366413274794323	224.03713843958698	18.303132429886187	13.9647907772603	277.80532608190157	-2.054832176829933	-0.07739824884231891	-2.3539382795967763	-0.23594923790281877	-0.14672681416173886	-2.9188758430620245
480.0	199.319302969708	7.507652052697935	18.58883048668508	283.13178324459966	14.232542518777265	43488.16144204811	1638.0449843739991	98.032208742368	61774.65260847014	3105.3043913236324	196.2939453125	7.3936975471037885	224.8669439452779	18.358479266407898	14.01651461355594	278.8342822214891	-3.0253576572079908	-0.11395450559414659	-3.4657356834657542	-0.34777887801406443	-0.21602790522132734	-4.297501023110555
490.0	200.9673461563039	7.5697280013312795	18.713766687355506	285.4728179528934	14.35022226367168	43847.73709324854	1651.5889253551964	98.04803072825281	62285.42749990746	3130.9801571334547	197.0032958984375	7.420416270796122	225.67954923573464	18.41260624577246	14.067166317754449	279.84191014989204	-3.964050257866404	-0.14931173053515764	-4.541066540350116	-0.4561781895480055	-0.28305594591722966	-5.630907803001406
500.0	202.5710164882289	7.630132581720352	18.834971469008643	287.75082130755794	14.464733531999228	44197.63132454222	1664.7682015450112	98.0631843609324	62782.44999686169	3155.9646139811643	197.6981201171875	7.446587837696271	226.47551366755008	18.465555255181297	14.11678075594029	280.8289034674741	-4.872896371041406	-0.18354474402408116	-5.582206386313528	-0.5613542338203691	-0.3479527760589372	-6.92191784008381
