Pressure (bar)	Bulk adsorption (molecules/uc)	Bulk adsorption (molecules/nm^3)	Bulk adsorption (%w.t.)	Bulk adsorption (cm^3 STP/cm^3)	Bulk adsorption (mol/kg)	Ideal adsorption (molecules/uc)	Ideal adsorption (molecules/nm^3)	Ideal adsorption (%w.t.)	Ideal adsorption (cm^3 STP/cm^3)	Ideal adsorption (mol/kg)	Absolute adsorption (molecules/uc)	Absolute adsorption (molecules/nm^3)	Absolute adsorption (mg/g)	Absolute adsorption (%w.t.)	Absolute adsorption (mol/kg)	Absolute adsorption (cm^3 STP/cm^3)	Excess adsorption (molecules/uc)	Excess adsorption (molecules/nm^3)	Excess adsorption (mg/g)	Excess adsorption (%w.t.)	Excess adsorption (mol/kg)	Excess adsorption (cm^3 STP/cm^3)
0.05	0.021068409274388154	0.0007935723423635459	0.002413459294427321	0.0299275393758082	0.0015044053753604696	4.323992287574814	0.16286947169685184	0.49289873023195563	6.142203132744312	0.3087578732558904	2.66847825050354	0.10051212259164588	3.056908088631511	0.3047591880361586	0.19054466674758533	3.790556129575269	2.647409841229152	0.09971855024928233	3.0327729131946035	0.302360301187992	0.18904026137222488	3.760628590199461
0.1	0.042140252136607124	0.0015872740158171673	0.0048271953968569295	0.05985995614096595	0.0030090559286041945	8.648689270369177	0.32576548676623585	0.9810414608208403	12.285407280499122	0.6175660657960929	4.324069976806641	0.16287239797500006	4.953491558499533	0.49290754249906354	0.30876342071305457	6.14231348979663	4.281929724670033	0.16128512395918287	4.9052172742369375	0.4881273566816713	0.3057543647844504	6.082453533655663
0.15000000000000002	0.06321552882154681	0.002381105029208334	0.007241208285668365	0.08979725062913287	0.004513951676503662	12.97409099659091	0.4886880470239698	1.4644966837062698	18.42961251174333	0.9264245810629225	5.6283111572265625	0.21199854295695864	6.447581088065547	0.6406276103416235	0.40189372860846145	7.994979667590032	5.5650956284050155	0.2096174379277503	6.375163761319398	0.6334778510920592	0.39737977693195775	7.9051824169608995
0.2	0.08429423956421084	0.0031750653913888015	0.009655497939247144	0.11973942317413004	0.00601909263583948	17.300197514471176	0.6516371542867508	1.9433315819645773	24.574818894988987	1.2353334225003612	6.73996639251709	0.25387065762309174	7.72105141891345	0.7661893544887135	0.4812722943909151	9.574078753486576	6.655672152952879	0.2506955922317029	7.624487115756677	0.7566794190940271	0.4752532017550756	9.454339330312445
0.25	0.10537638459971611	0.00396915511121459	0.012070064335984712	0.14968647410993954	0.007524478823400346	21.627008872264387	0.8146128103721517	2.4176120609251943	30.721026498781182	1.5442925935540512	7.724433422088623	0.2909520431449919	8.84881973597595	0.8771204924729711	0.5515688921009755	10.972507814170493	7.619057037488907	0.2869828880337773	8.728104522212137	0.8652583865843846	0.5440444132775751	10.822821340060553
0.3	0.12646196416329225	0.004763374197545965	0.014484907454278386	0.17963840377070353	0.009030110255983005	25.954525118248085	0.9776150170986163	2.88740277840353	36.86823539169785	1.8533020976712862	8.610962867736816	0.32434446682514767	9.864394448904784	0.9768038662545284	0.6148721840618827	12.231817169087144	8.484500903573524	0.3195810926276017	9.719524390068049	0.9625964592433954	0.6058420738058997	12.052178765316441
0.35000000000000003	0.14755097849028112	0.005557722659247422	0.016900027272531284	0.2095952124907236	0.010535986950392217	30.282746300722845	1.1406437762854562	3.3527671740794847	43.016445642349645	2.162361938301004	9.433802604675293	0.35533792479949367	10.807008632483013	1.069146586854772	0.673627665180017	13.400655703904391	9.286251626185011	0.34978020214024624	10.63797979383787	1.0526004372018487	0.6630916782296247	13.191060491413667
0.4	0.16864342781613603	0.006352200505187652	0.019315423769152233	0.23955690060445964	0.0120421089234407	34.61167246801214	1.3036990897528455	3.8137674980496286	49.16565731937973	2.4714721188937787	10.193829536437988	0.38396544691771567	11.677666834341979	1.1542873009031391	0.7278979514019809	14.480269054431696	10.025186108621853	0.377613246412528	11.48447528088322	1.135407963398949	0.7158558424785402	14.240712153827237
0.45	0.18973931237642178	0.007146807744239547	0.021731096922555787	0.26952346844652997	0.01354847619194913	38.94130366846228	1.4667809593218186	4.270464838580046	55.31587049146376	2.7806326429018147	10.917236328125	0.41121361808641593	12.506374384220534	1.235189693677393	0.7795533493873049	15.507863732367762	10.727497015748579	0.4040668103421764	12.289016180673094	1.2139829618066065	0.7660048731953558	15.238340263921234
0.5	0.21083863240681344	0.007941544385280153	0.024147046711162065	0.29949491635170944	0.015055088772746068	43.27163995044225	1.6298893868142634	4.722919149085808	61.467085227309546	3.0898435137789333	11.603357315063477	0.43705736507549026	13.292368721763395	1.3117999436363368	0.8285463268567845	16.482494165341727	11.392518682656663	0.4291158206902101	13.050839932582228	1.2882709749740449	0.8134912380840384	16.18299924899002
0.55	0.23194138814309628	0.008736410437190666	0.026563273113396756	0.3294712446549296	0.016561946682667927	47.60268136234363	1.7930243740529195	5.1711892743621295	67.61930159565702	3.399104734980573	12.257568359375	0.4616991775670256	14.041808231960111	1.384736617165993	0.8752607512285802	17.411796730795633	12.025626971231905	0.45296276712983496	13.776104921330068	1.3588902770991143	0.8586988045459123	17.082325486140704
0.6000000000000001	0.25304757982116505	0.009531405908856403	0.028979776107691025	0.3594524536912773	0.018069049938558953	51.93442795258048	1.9561859228613732	5.615332976091294	73.77251966527804	3.7084163099637752	12.87701416015625	0.48503150649091936	14.751421989733744	1.4536980850747687	0.9194927376259892	18.291715492227528	12.623966580335084	0.47550010058206293	14.461540221569443	1.4255385392344084	0.9014236876874301	17.93226303853625
0.6500000000000001	0.27415720767702373	0.0103265308091668	0.03139655567248149	0.38943854379599474	0.019576398557271182	56.26687976958924	2.119374035064053	6.055406957648575	79.92673950497625	4.0177782421871795	13.4796781539917	0.5077317241968456	15.441811142103608	1.5206987709847846	0.9625264066635671	19.147795805220973	13.205520946314676	0.49740519338767886	15.127746980049308	1.49023086257405	0.942950008106296	18.75835726142498
0.7000000000000001	0.2952702719467841	0.011121785147015353	0.03381361178621005	0.41942951530447725	0.021083992555664354	60.60003686182854	2.282588712486225	6.491466888229519	86.08196118358684	4.3271905351110105	14.061474800109863	0.5296459428370023	16.10829544757685	1.5852931739408194	1.0040700272752507	19.974234185482604	13.76620452816308	0.5185241576899869	15.770044955006325	1.5525211669049428	0.9829860347195866	19.55480467017813
0.7500000000000001	0.31638677286666655	0.011917168931299642	0.03623094442732397	0.4494253685522742	0.022591831950605955	64.93389927777925	2.445829956953991	6.923567426320178	92.23818476997656	4.63665319219708	14.6244535446167	0.5508513577860221	16.753222674353314	1.6477176861350407	1.0442699416788204	20.773941857976578	14.308066771750033	0.5389341888547224	16.39078191436974	1.6126456679878325	1.0216781097282144	20.324516489424308
0.8	0.33750671067299837	0.012712682170921284	0.03864855357427571	0.4794261038750871	0.024099916758971114	69.2684670659442	2.60909777029428	7.3517622425310325	98.39541033304334	4.94616621690877	15.170581817626953	0.5714220751666912	17.378846636205118	1.708198149948311	1.0832666356794316	21.54971354448095	14.833075106953954	0.5587093929957698	16.992211671640945	1.6708300689649005	1.0591667189204605	21.070287440605867
0.8500000000000001	0.358630085602214	0.013508324874785923	0.041066439205522914	0.5094317216087696	0.0256082469976426	73.60374027484819	2.7723921543348515	7.77610404181469	104.55363794171642	5.255729612711029	15.70156478881836	0.5914223226801929	17.98712071123433	1.7669300863715558	1.121181868181408	22.303971427515926	15.342934703216144	0.577913997805407	17.57628760465115	1.7272697702130309	1.0955736211837654	21.79453970590716
0.9000000000000001	0.37975689789085365	0.014304097051803194	0.04348460129952828	0.5394422220893254	0.02711682268351076	77.93971895303777	2.93571311090428	8.196644585086602	110.71286766495577	5.565343383070358	16.212467193603516	0.610666206392733	18.572391246377094	1.8233746963876538	1.1576632329599885	23.029704995592674	15.832710295712662	0.5963621093409297	18.137356060065528	1.7814252617399795	1.1305464102764777	22.490262773503346
0.9500000000000001	0.4008871477755636	0.015099998710886723	0.045903039834759594	0.569457605652909	0.028625643833473484	82.27640314908123	3.0990606418319624	8.613434710267537	116.87309957175239	5.8750075314548145	16.717056274414062	0.6296722895561484	19.150429475571517	1.8790581764682015	1.1936937901621592	23.746470527716554	16.3161691266385	0.6145722908452617	18.691188271551102	1.8348237902464921	1.1650681463286856	23.177012922063643
1.0	0.4220208354930952	0.015896029860954092	0.04832175478968956	0.5994778726358243	0.030134710464436172	86.61379291156841	3.2624347489481043	9.026524352765653	123.03433373112782	6.184722061333989	17.210634231567383	0.6482636226983867	19.715853776596827	1.9334654554577757	1.22893808992064	24.447594829763126	16.788613396074286	0.6323675928374326	19.232402616615875	1.8869496855910046	1.1988033794562036	23.8481169571273
1.05	0.44315796128030427	0.016692190510926824	0.050740746142795806	0.6295030233745235	0.0316440225933117	90.95188828911063	3.425835434083723	9.435962565415599	129.19657021213413	6.494486976179012	17.693832397460938	0.6664639858743604	20.269387380047853	1.986670151115448	1.263441212993072	25.13397470532768	17.250674436180635	0.6497717953634337	19.761722325583353	1.9378764561309891	1.2317971903997604	24.50447168195316
1.1	0.4642985253741508	0.017488480669730362	0.05316001387256081	0.6595330582056064	0.03315358023702037	95.29068933034054	3.5892626990706384	9.841797537891312	135.35980908385366	6.804302279462531	18.167516708374023	0.6843059958361247	20.81202226988247	2.038771273834017	1.297264992201114	25.806840211305264	17.703218182999873	0.6668175151663943	20.280139382139946	1.9877030434426737	1.2641114119640935	25.147307153099657
1.1500000000000001	0.48544252801169824	0.018284900346294045	0.0555795579574718	0.6895679774658204	0.034663383412489875	99.6301960839121	3.752716545741472	10.244076615608655	141.5240504153991	7.11416797465872	18.632427215576172	0.7018175276933654	21.34460622093691	2.089853521615373	1.3304622714540244	26.46724258574714	18.146984687564473	0.6835326273470713	20.788501560850335	2.0365140799551913	1.2957988880415345	25.77767460828132
1.2000000000000002	0.5065899694301127	0.01908144954955108	0.05799937837602068	0.7196077814920585	0.03617343213665523	103.97040859850021	3.916196975929635	10.642846318133486	147.6892942759128	7.424084065243245	19.089237213134766	0.7190239420484513	21.867910533513225	2.1399938590982934	1.363081127813578	27.116138238529864	18.582647243704653	0.6999424924989003	21.28758016174487	2.084386472062402	1.3269076956769228	26.396530457037805
1.2500000000000002	0.5277408498666628	0.01987812828843854	0.06041947510670404	0.749652470621359	0.03768372642645877	108.31132692280099	4.079703991469338	11.038152357110196	153.85554073456726	7.734050554693289	19.538589477539062	0.7359494500146923	22.3826715481264	2.18926554322696	1.3951674592112697	27.754440229507242	19.0108486276724	0.7160713217262538	21.778111525066716	2.1313934287123795	1.357483732784811	27.004787758885882
1.3	0.5488951695587191	0.020674936571897323	0.06283984812802304	0.7797020451909054	0.03919426629885014	112.6529511055313	4.2432375941955724	11.430039653725155	160.0227898605645	8.044067446487517	19.975406646728516	0.7524028053498617	22.883072830204075	2.237115212679114	1.4263587128469783	28.374936198647088	19.426511477169797	0.7317278687779644	22.25427921597162	2.17698078339567	1.387164446548128	27.595234153456182
1.35	0.570052928743753	0.021471874408872146	0.06526049741848328	0.8097565055380244	0.04070505177078614	116.99528119542883	4.406797785944115	11.818552355719195	166.19104172313607	8.354134744106078	20.411148071289062	0.7688156411956939	23.382241779787833	2.2848004220908926	1.4574731521403623	28.993904079485603	19.84109514254531	0.7473437667868218	22.729210634229105	2.2224074953460997	1.416768100369576	28.18414757394758
1.4000000000000001	0.5912141276593369	0.022268941808311515	0.06768142295659486	0.8398158520001856	0.042216082859230813	121.33831724125193	4.5703845685515185	12.203733853962559	172.36029639154293	8.664252451030597	20.841398239135742	0.7850216408539341	23.875120152687213	2.331839077125616	1.4881954841792193	29.60507166560862	20.250184111476404	0.7627526990456226	23.197847535376575	2.267190806866364	1.4459794013199883	28.765255813608434
1.4500000000000002	0.6123787665431427	0.02306613877916769	0.07010262472087221	0.8698800849150009	0.04372735958115529	125.68205929177938	4.733997943855108	12.585626798605443	178.53055393507498	8.974420570744163	21.266189575195312	0.8010220256567077	24.36174509367598	2.3782365175544644	1.5185280242894708	30.208485016415292	20.65381080865217	0.77795588687754	23.660227063915507	2.311335972462101	1.4748006647083156	29.338604931500292
1.5000000000000002	0.6335468456329426	0.023863465330396703	0.07252410268983411	0.899949204620224	0.04523888195353788	130.02650739581057	4.897637913692984	12.964273114816754	184.70181442305145	9.284639106731328	21.6859130859375	0.8168315234325857	24.84256452502585	2.424037153115259	1.5484986925778128	30.804699554071888	21.052366240304558	0.7929680581021891	24.116797141845243	2.3548873731152113	1.5032598106242747	29.904750349451668
1.55	0.6547183651666071	0.0246609214709583	0.07494585684200349	0.9300232114537482	0.0467506499933639	134.371661602165	5.0613044799040035	13.339714018123223	190.8740779248201	9.594908062478087	22.100942611694336	0.8324642154225437	25.31800670412833	2.469283338299377	1.5781341833901594	31.394246316356885	21.446224246527727	0.8078032939515853	24.567986026284792	2.397887339967551	1.5313835333967953	30.464223104903134
1.6	0.6758933253821049	0.025458507209815913	0.07736788715590752	0.960102105753607	0.04826266371762567	138.71752195968241	5.224997644327786	13.711990029360742	197.04734450975755	9.905227441471878	22.51161766052246	0.8479328896923652	25.788460558614474	2.5140135174235465	1.6074587395508617	31.977607572273183	21.835724335140355	0.8224743824825493	25.014182644592605	2.440374296095557	1.559196075833236	31.017505466519577
1.6500000000000001	0.697071726517503	0.026256222555936688	0.07979019361007741	0.9901858878579725	0.04977492314332257	143.06408851722273	5.3887174088047125	14.081140989249304	203.22161424726895	10.21559724720158	22.918251037597656	0.8632493285049074	26.254284426301666	2.5582630761905545	1.6364946971452763	32.5552276595538	22.221179311080153	0.8369931059489708	25.45574533431334	2.4823836084719972	1.5867197740019536	31.56504177169582
1.7000000000000002	0.7182535688109652	0.027054067518291407	0.08221277618304848	1.020274558105155	0.05128742828746082	147.4113613236656	5.552463775175906	14.447206072602441	209.39688720678748	10.526017483157482	23.321157455444336	0.8784253859660933	26.715838829993974	2.602067467902153	1.6652645284544023	33.12755362530816	22.60290388663337	0.8513713184478019	25.89303461797824	2.5239507184703993	1.6139771001669416	32.107279067203
1.7500000000000002	0.7394388525007519	0.027852042105854496	0.0846356348533599	1.050368116833602	0.05280017916705361	151.75934042791064	5.7162367452832425	14.810223802181998	215.57316345777483	10.836488152831294	23.031845092773438	0.8675280141555609	26.38441349369121	2.5706171242294866	1.6446059648252327	32.71658728167124	22.292406240272687	0.8396759720497065	25.53734021931417	2.4901424080621903	1.5918057856581793	31.66621916483764
1.8	0.7606275778252193	0.028650146327603987	0.08705876959955476	1.0804665643818971	0.054313175799120934	156.10802587887707	5.880036320969334	15.170232062208337	221.75044306972035	11.147009259716128	23.32956314086914	0.8787419983588401	26.72546806634272	2.6029809230967507	1.6658647426505466	33.13949384719464	22.568935563043922	0.8500918520312362	25.85412178699742	2.5202532443853287	1.611551566851426	32.05902728281275
1.85	0.7818197450228195	0.029448380192521533	0.08948218040018005	1.1105699010887595	0.05582641820068964	160.45741772550383	6.043862504077539	15.52726811153612	227.92872611214156	11.457580807306512	23.670814514160156	0.8915957287050859	27.116392775237408	2.6400506277550235	1.6902320498184513	33.62423922014649	22.888994769137337	0.8621473485125644	26.220769548043748	2.5550807707382104	1.6344056316177618	32.51366931905773
1.9000000000000001	0.8030153543320989	0.030246743709592325	0.09190586723378642	1.1406781272930433	0.05733990638879332	164.80751601674916	6.207715296451939	15.881368596505064	234.10801265458323	11.768202799098342	24.004013061523438	0.9041461376258318	27.498092470321264	2.6762183474433585	1.7140243389840593	34.0975456058497	23.200997707191338	0.8738993939162395	26.57818835212585	2.589007700893143	1.6566844325952659	32.95686747855666
1.9500000000000002	0.8242144059916985	0.03104523688780513	0.09432983007892827	1.170791243333736	0.05885364038047229	169.15832080159075	6.371594699937352	16.232569563475217	240.28830276661793	12.078875238588902	24.33230209350586	0.9165116224941772	27.8741680096616	2.7118268828212826	1.7374660605660786	34.56387805664577	23.508087687514163	0.8854663856063721	26.92997905703768	2.6223773388878677	1.6786124201856063	33.39308681331203
2.0	0.8454169002403523	0.031843859736152204	0.09675406891416351	1.2009092495499583	0.06036762019277355	173.50983212902534	6.5355007163793095	16.580906471055567	246.4695965178452	12.389598129276845	24.651521682739258	0.9285354935827377	28.239853937284604	2.7464267047372233	1.7602601718683915	35.0173274225609	23.806104782498906	0.8966916338465856	27.27137620653194	2.6547392284245883	1.699892551675618	33.816418173010945
3.0	1.2701900973689895	0.0478435613096548	0.1452967705467384	1.80429683412233	0.0906988650792213	260.68850824224904	9.819212614430661	22.99606466334522	370.3063431905529	18.61465609418824	30.377225875854492	1.1442024871860403	34.79900481578344	3.362875752086601	2.169108322370095	43.15065326895006	29.107035778485503	1.0963589258763857	33.343922923317486	3.2267981824471312	2.078409457290874	41.34635643482773
4.0	1.696342344768757	0.06389520682157462	0.19394968841370275	2.40964335070295	0.12112858207211814	348.15021487091815	13.113585269361055	28.51157037684409	494.5451328834637	24.85992406277299	35.04751968383789	1.3201159103808715	40.14911734348199	3.8599386063050223	2.502594112290843	49.784775476027576	33.35117733906913	1.256220703559297	38.205851501298994	3.679988072312574	2.3814655302187244	47.375132125324626
5.0	2.123875573097151	0.07999886899294022	0.24271265156175315	3.016951541778329	0.1516569090314932	435.89534825511026	16.418633606130527	33.30422190522877	619.1865284530498	31.12543032884744	39.054412841796875	1.4710413811912122	44.739263095104945	4.282337677494967	2.7887092872346164	55.47654134205576	36.93053726869972	1.391042512198272	42.3062313035127	4.058906109637697	2.6370523782031228	52.45958980027743
6.0	2.552791723646431	0.09615462094535392	0.29158548911100873	3.6262241649415903	0.18228398457675862	523.9243068175371	19.734372631911214	37.50734035721922	744.2310958562016	37.41120334208053	42.58905029296875	1.6041786524963728	48.7884105119251	4.651883070304995	3.04110269350652	60.497471025045535	40.03625856932232	1.508024031551019	45.864028547360164	4.38527641217974	2.858818708929762	56.871246860103945
7.0	2.9830927460698065	0.11236253611534548	0.3405680299934233	4.237463989662533	0.21300994792434655	612.2374906968771	23.06081741850964	41.22336015319934	869.6794034873288	43.71727167467111	45.766456604003906	1.7238602922466575	52.428327401350494	4.98165300536961	3.267987745518326	65.01095617942997	42.7833638579341	1.611497756131312	49.011008806800206	4.672115773365228	3.0549777975939794	60.77349218976743
8.0	3.414780595964164	0.12862268816332192	0.3896601026764125	4.850673793853911	0.2438349387151017	700.835301251664	26.397983083679954	44.532283777029164	995.5320214736377	50.04366398592265	48.66353225708008	1.8329828691851495	55.74710805680266	5.28034674510359	3.474855579181117	69.12623344374305	45.24875166111591	1.7043601810218274	51.83526413499628	4.9280781793928865	3.231020640466015	64.27555964988913
9.0	3.8478572323067137	0.14493515087701503	0.43886153487152413	5.465856360230204	0.2747590968312433	789.7181405341948	29.74588477130791	47.49750345137774	1121.789520927821	56.39040898467735	51.33216857910156	1.9335009457709067	58.80419722620622	5.553831140852864	3.665411533142568	72.91701411288919	47.48431134679485	1.7885657948938916	54.39623703574258	5.158993851179556	3.3906524363113246	67.45115775265899
10.0	4.282324614742965	0.16129999806932907	0.48817215322798024	6.083014472455212	0.305782562202711	878.8864107339263	33.104537630445584	50.16989922305672	1248.4524731574058	62.75753538957136	53.8112907409668	2.0268806952989546	61.644186117958064	5.806482710875869	3.842435088073183	76.43859114086418	49.528966126223835	1.8655806972296258	56.73851647253998	5.369210603010549	3.536652525870472	70.35557666840896
11.0	4.718184700723454	0.1777173034704915	0.5375917830109274	6.702150911074785	0.3369054746027107	968.340513589827	36.47395679317676	52.590780805452624	1375.5214488300037	69.14507188707343	56.12976837158203	2.1142095344193086	64.30014669061838	6.041542594028204	4.007987701216629	79.73197364917331	51.411583670858576	1.9364922309488173	58.895172161567075	5.561945479583394	3.671082226613918	73.02982273809853
12.0	5.155439442486667	0.19418714061441025	0.587120247764236	7.3232684492310876	0.3681279734322781	1058.0808497711666	39.85415735129345	54.79403668058821	1502.997017093726	75.55304708726963	58.30989456176758	2.1963271648897233	66.79761706863552	6.261507899894183	4.163661227241508	82.82882882942295	53.15445511928091	2.0021400242753127	60.891739990861474	5.739675189797028	3.79553325380923	75.50556038019187
13.0	5.594090783885615	0.2107095827191421	0.6367573689576942	7.946369848154776	0.39945019749367777	1148.1078182262152	43.245154331763715	56.807728972523385	1630.8797446520148	81.9814894773568	60.369606018066406	2.27390919890475	69.15714486685488	6.468379807298319	4.310736449969138	85.75463565747437	54.775515234180794	2.063199616185608	62.7487653484638	5.904383744721563	3.91128625247546	77.8082658093196
14.0	6.034140657055605	0.2272847025613796	0.6865029656184555	8.571457852431585	0.43087228475246314	1238.4218154983503	46.64696267097183	58.65529397099293	1759.1701947921788	88.43042737280864	62.32261657714844	2.3474721881103733	71.3944401395872	6.663693357442246	4.450192616068517	88.52887454979312	56.288475920092836	2.120187485548994	64.48195607530344	6.057590333709881	4.019320331316054	79.95741669736154
15.0	6.475590978920697	0.24391257234486116	0.7363568539465922	9.198535185039765	0.46239437208801687	1329.0232350090555	50.059597187711375	60.356457561296246	1887.8689263668953	94.89988886617772	64.18360900878906	2.417569180430206	73.52632291438246	6.849047046631798	4.583078159594992	91.17240228606656	57.70801802986836	2.173656608085345	66.1081300029744	6.200884145099799	4.120683787506975	81.97386710102678
16.0	6.918443647536444	0.26059326356261575	0.7863188469146292	9.827604542154976	0.4940165950324022	1419.9124663073223	53.48307255491289	61.92794153950289	2016.9764927279923	101.38990177349838	65.95576477050781	2.4843200100986715	75.55643774904178	7.024869648604275	4.709620254880121	93.68973810616461	59.03732112297137	2.2237267465360557	67.63092951493694	6.3346731202012005	4.2156036598477185	83.86213356400964
17.0	7.362700538266551	0.27732684685295056	0.8363887538509326	10.458668587719256	0.5257390874973542	1511.0898942849612	56.917403270087384	63.38401449924024	2146.493440611802	107.90049357825558	67.65081787109375	2.548166655659037	77.4982266816903	7.1924226660082	4.83065677751607	96.09755009382806	60.2881173328272	2.270839808806086	69.06379450097025	6.46021265112702	4.304917690018716	85.6388815061088
18.0	7.808363499791098	0.2941133918490953	0.8865663800068349	11.091729947770727	0.5575619814892436	1602.555898357348	60.36260362446799	64.7369257816761	2276.420308975417	114.43169137288535	69.27568054199219	2.609369476383214	79.35960810409746	7.352471549634246	4.946681300510968	98.40565702920588	61.46731704220109	2.315256084534118	70.41464123506552	6.578258417113924	4.389119319021724	87.31392708143515
19.0	8.255434349944078	0.31095296702241676	0.9368515261073928	11.726791204530839	0.5894854068118538	1694.310851609135	63.818687670831885	65.99725045839713	2406.7576277831763	120.98352179777373	70.83627319335938	2.668151473148689	81.14736421495314	7.505671002941971	5.058116575138887	100.62246881670828	62.58083884341529	2.357198506126272	71.69024983347059	6.689456197311723	4.468631168327033	88.89567761217744
20.0	8.703914871378013	0.3278456395191204	0.9872439878856806	12.363854890245994	0.6215094907568088	1786.3551199044773	67.28566918998574	67.17416592381728	2537.5059167427526	127.55601097772183	72.33775329589844	2.72470690960647	82.86740321827081	7.65259005599298	5.16533087441693	102.75531161017709	63.63383842452043	2.3968612700873497	72.89652645805933	6.794366899360908	4.543821383660122	90.39145671993111
21.0	9.153806807053554	0.34479147499035945	1.0377435556005323	13.002923480780545	0.6536343577815058	1878.689060961337	70.76356165589796	68.27567540880605	2668.6656839902003	134.14918445584578	73.78459167480469	2.779204185903731	84.5248467228549	7.79372155264736	5.26864344093093	104.81053618794269	64.63078486775113	2.4344127109133713	74.0385907209662	6.893475836028068	4.615009083149424	91.80761270716214
22.0	9.605111855551966	0.36179053741567296	1.0883500135376594	13.643999388958218	0.6858601291743983	1971.3130233894342	74.25237819946176	69.30878993084538	2800.237424723377	140.76306712488093	75.18077087402344	2.8317933103626993	86.12425698091697	7.929503132571152	5.368338651182258	106.79379972797173	65.57565901847147	2.4700027729470264	75.1210029285721	6.987213785606131	4.68247852200786	93.14980033901351
23.0	10.057831666208507	0.3788428889196773	1.1390631394940762	14.287084957649096	0.7181869227074926	2064.227345691447	77.75213157087386	70.27967742674647	2932.2216197831526	147.3976831558619	76.52983093261719	2.882607623714244	87.66968932775613	8.060322925974075	5.4646692842832465	108.7101308329012	66.47199926640869	2.503764734794567	76.14781652675983	7.075962554338027	4.7464823615757545	94.42304587525211
24.0	10.511967834064901	0.3959485895819438	1.189882704245794	14.932182452599651	0.7506148522759248	2157.4323552270735	81.2628341006144	71.1937857720339	3064.6187341818636	154.0530559241504	77.83485412597656	2.931763224353345	89.16467470186556	8.18651915297128	5.557855432392046	110.56390785502713	67.32288629191166	2.5358146347714006	77.12256062680292	7.160054337913364	4.80724058011612	95.63172540242748
25.0	10.967521894639018	0.413107697239991	1.2408084709987377	15.57929405500311	0.7831440275244863	2250.9283671395856	84.78449765901406	72.05594487029096	3197.4292155784947	160.72920793278536	79.09864807128906	2.97936586527345	90.61242940365501	8.308398745574697	5.6480975754942975	112.35911899644094	68.13112617665004	2.5662581680334586	78.04844977007966	7.239790548070954	4.864953547969811	96.77982494143784
26.0	11.424495318510198	0.4303202672853331	1.291840194822867	16.22842185380793	0.8157745534609845	2344.7156832445417	88.31713361439573	72.87045185236035	3330.6534927000985	167.4261607331303	80.32378387451172	3.0255123909277972	92.0158987951843	8.426241678047454	5.735579305315984	114.09941649655791	68.89928855600152	2.595192123642464	78.92842763400974	7.315446104899885	4.919804751855	97.87099464274996
27.0	11.882889505718593	0.44758635245252304	1.3429776220695044	16.87956783776211	0.8485065300563238	2438.794590880334	91.86075278977876	73.64114255803646	3464.2919737090047	174.14393484279609	81.51251220703125	3.0702875761345045	93.37766116074928	8.540293484834681	5.820461332715159	115.78799741955453	69.62962270131266	2.622701223681981	79.7650708990557	7.3872616413346375	4.971954802658835	98.90842958179242
28.0	12.342705779977182	0.4649060026011394	1.394220489771871	17.53273388719139	0.8813400518312104	2533.165361720282	95.41536541813467	74.3714518096022	3598.3450445154117	180.88254966081738	82.6668701171875	3.1137681492882736	94.70005006613628	8.650776078836847	5.902889114637929	117.42775537944826	70.32416433721032	2.6488621466871343	80.56071161460818	7.455454445889654	5.021549062806719	99.89502149225686
29.0	12.80394538269519	0.48227926449067005	1.4455685250288708	18.187921765509564	0.9142752074293897	2627.828250546029	98.9809810961854	75.06446447531003	3732.8130670349988	187.64202338006615	83.78882598876953	3.156028252433424	95.98532041761078	8.757902011044896	5.983003204987272	119.02148645270535	70.98488060607434	2.673748987942754	81.3176032648211	7.520233002708819	5.068727997557882	100.83356468719579
30.0	13.266609466811758	0.49970618154824803	1.4970214443721663	18.845133110459237	0.9473120791773355	2722.783493981986	102.55760873673428	75.72295892392518	3867.6963773912134	194.42237289688387	84.88008880615234	3.1971322569572713	97.23542996324822	8.86185656313569	6.060925635058793	120.57161824059887	71.61347933934059	2.6974260754090236	82.03770227700623	7.581778537325332	5.113613555881458	101.72648513013962
31.0	13.730699090439048	0.5171867936292102	1.5485789531166232	19.504369425081908	0.9804507426303307	2818.031309190673	106.14525651952414	76.3494441610493	4002.9952840620144	201.22361371792115	85.94221496582031	3.237138786801836	98.45216165218872	8.962808312389882	6.13676754049671	122.08036159428816	72.21151587538127	2.7199519931726255	82.72279038817032	7.640255762835945	5.1563167978663795	102.57599216920624
32.0	14.196215210313884	0.5347211367704434	1.6002407446942053	20.16563206841606	1.0136912661048771	2913.5718925287565	109.743931840615	76.9461916936374	4138.710065970779	208.0457598641713	86.97671508789062	3.276104741675548	99.63724599389181	9.060919531134658	6.2106367882498175	123.54986233989852	72.78049987757674	2.741383604905105	83.37459701177127	7.695823516790968	5.19694552214494	103.38423027148247
33.0	14.66315867505758	0.5523092429365064	1.6520064999714548	20.828922245922787	1.0470337101974088	3009.4054181637307	113.35364126027939	77.51526297563652	4274.840970521308	214.88882377219326	87.98493957519531	3.314080986469279	100.792229958935	9.156335520527342	6.282629804832949	124.98203871593587	73.32178090013772	2.7617717435327718	83.99466814623794	7.748623735380452	5.2355960946355395	104.15311647001309
34.0	15.131530218243439	0.5699511397585068	1.703875886550676	21.494240999638226	1.0804781272892703	3105.5320366511146	116.97439044941036	78.05853313352787	4411.388211576745	221.7528161925154	88.96807861328125	3.3511123512563366	101.91847697901365	9.249184863333108	6.352831576326974	126.3785813732868	73.83654839503781	2.78116121149783	84.58436638291187	7.798781635125414	5.272353449037704	104.88434037364857
35.0	15.601330451271938	0.5876468502657345	1.7558485580550045	22.161589198052823	1.1140245610379664	3201.951873472187	120.60618413444315	78.57771154705593	4548.351967382436	228.63774608522147	89.92742919921875	3.3872476893217383	103.01747284507786	9.339604800580252	6.421334715768739	127.74133268791748	74.32609874794682	2.799600839056004	85.1451768123458	7.846431853704856	5.307310154730773	105.57974348986465
36.0	16.072559856053747	0.6053963926100575	1.8079241533975552	22.830967525717565	1.147673045854685	3298.6650275322813	124.24902604079132	79.07435976095384	4685.732378432767	235.54362051272005	90.8638916015625	3.4225209105927306	104.09024887084603	9.427693884381208	6.488203507501466	129.07157148549848	74.79133174550876	2.8171245179826734	85.6781301961993	7.89166953015033	5.3405304616467815	106.24060395978091
37.0	16.545218777500956	0.6231997797830923	1.8601022960348683	23.502376472577847	1.18142360636813	3395.6715696197125	127.9029188347999	79.54990712294124	4823.5295452820865	242.47044452970323	91.77855682373047	3.456973109303181	105.13805486870551	9.513567504577182	6.553515855432619	130.3708475293425	75.2333380462295	2.833773329520088	86.18447595174159	7.934607597500842	5.3720922490644885	106.86847105676466
38.0	17.01930741582725	0.6410570193261791	1.912382593204913	24.17581632303592	1.215276256874708	3492.9715408255006	131.56786406422208	80.00566447775375	4961.743526299919	249.41822107030575	92.67244720458984	3.490642793336572	106.1620619915229	9.597333486595065	6.617344760426535	131.64061304521115	75.65313978876259	2.8495857740103925	86.66538500248195	7.975351584635598	5.402068503551828	107.46479672217522
39.0	17.494825818657944	0.6589681130331948	1.9647646351499282	24.85128714474324	1.2492310007751393	3590.564950924068	135.24386209722573	80.44283619341674	5100.374335370771	256.38695083247745	93.54630279541016	3.5235578378025902	107.16311801413445	9.67907224062411	6.679743066392473	132.88191927115568	76.05147697675221	2.864589724769395	87.12170506869889	8.013978992645848	5.430512065617334	108.03063212641243
40.0	17.97177387295136	0.67693305664626	2.017247994324439	25.52878877712482	1.2832878299975992	3688.451776715211	138.9309120599413	80.8625307520144	5239.421939538904	263.37663215959066	94.40106201171875	3.555753589489806	108.14229794999227	9.758881882773549	6.7407777815865035	134.09609922037507	76.42928813876739	2.878820532843546	87.55451129334078	8.050586005957465	5.457489951588904	108.56731044325026
41.0	18.450151296732965	0.6949518395443928	2.0698322245887844	26.208320819637674	1.3174467244074877	3786.631960327656	142.62901177256302	81.26577010096379	5378.886256598543	270.3872609193042	95.23745727539062	3.587257636135641	109.10044083398587	9.836840453507351	6.8005012051353155	135.28419329341497	76.78730597865766	2.892305796591248	87.96464303431655	8.085248321028569	5.483054480727828	109.0758724737773
42.0	18.92995763064462	0.7130244444251993	2.1225168603885836	26.889882619766517	1.351707651203996	3885.105407484658	146.3381576840198	81.65349793080092	5518.767152630183	277.4188303797171	96.05615234375	3.618094979127133	110.0383070414838	9.913018888038385	6.858960733122472	136.44714435326983	77.12619471310538	2.905070534701933	88.3528611932181	8.118034540411116	5.507253081918475	109.5572617335033
43.0	19.41119222931082	0.7311508469796707	2.1753014159205257	27.573473260759616	1.3860705643036089	3983.871985732044	150.05834480523217	82.02658702055356	5659.064439483527	284.4713310828412	96.8579330444336	3.648295217807556	110.95679678700294	9.987498803544925	6.916212478152649	137.58606866302497	77.44674081512278	2.9171443708278857	88.72006672388015	8.14902466075159	5.53014191384904	110.01259540226536
44.0	19.89385425252537	0.7493310155602159	2.2281853842850285	28.259091549109492	1.4205354037107791	4082.9315226294057	153.78956664098087	82.38584577097812	5799.7778722080875	291.54475071544124	97.64344024658203	3.677882491447154	111.85664422607154	10.060347690230465	6.972302201961699	138.7018765731578	77.74958599405666	2.928551475886938	89.0669947443395	8.178284272148762	5.55176679825092	110.4427850240483
45.0	20.37794265626114	0.7675649108420315	2.281168236626225	28.946736001782355	1.455102094875977	4182.2838039049775	157.53181512040751	82.73202402852695	5940.907146432204	298.63907397728303	98.41316223144531	3.706875191870875	112.7384087152826	10.131618341946627	7.027264770634083	139.79526168403206	78.03521957518417	2.939310281028843	89.3942058071873	8.205863894874547	5.572162675758107	110.8485256822497
46.0	20.863456183506795	0.7858524854779533	2.334249421259868	29.636404833201702	1.4897705480413759	4281.928571575005	161.285080526178	83.06581828828693	6082.451895691619	305.7542824468454	99.16777038574219	3.73529860783802	113.60285936995146	10.201379999529196	7.0811481250359325	140.86717769614785	78.30431420223539	2.949446122360067	89.70247046772367	8.231831430942929	5.591377576994556	111.23077286294615
47.0	21.350393354934656	0.8041936837469483	2.387428362789775	30.328095941992128	1.5245406575744873	4381.865522028456	165.0493514223403	83.3878763518029	6224.411688708822	312.8903544445579	99.90780639648438	3.763173142779392	114.45061672629846	10.269689388525572	7.133990944729693	141.9183940724087	78.55741304154972	2.958979459032444	89.99241095683098	8.256241974917302	5.609450287155206	111.59029813041658
48.0	21.8387524594044	0.8225884411964223	2.4407044612134725	31.02180689748984	1.5594123012900685	4482.094304078041	168.82461458091325	83.69880150527676	6366.786026624533	320.0472648936315	100.63374328613281	3.7905166137754076	115.2822226610231	10.336596452327903	7.185827006234688	142.94958273816695	78.79499082672841	2.967928172578985	90.26457111142652	8.27914375126488	5.626414704944619	111.92777584067713
49.0	22.328531544307268	0.8410366842785204	2.49407709101772	31.717534926026705	1.594385339760644	4582.614516978498	172.6108549072425	83.99915627479236	6509.574340182696	327.224985178554	101.34617614746094	3.8173514358627214	116.09835888997301	10.402161956894176	7.2366988025913495	143.96158901886594	79.01764460315367	2.976314751584201	90.51963488419301	8.30059652193293	5.642313462830706	112.24405409283924
50.0	22.81972840575687	0.8595383299806496	2.5475456002647117	32.41527689699633	1.629459615616073	4683.4257084133915	176.4080553641703	84.2894658076965	6652.7759868707335	334.4234830013352	102.04544067382812	3.8436902534209856	116.89940997080589	10.466422394641741	7.286630304232744	144.95488976475568	79.22571226807125	2.9841519234403355	90.75798935747724	8.320634846868206	5.65717068861667	112.53961286775933
51.0	23.312340578632845	0.8780932854504586	2.601109309669783	33.11502930871116	1.66463495283261	4784.52737245172	180.21619689506804	84.57022092285168	6796.390248016925	341.6427222355971	102.7320556640625	3.8695526077642057	117.68597021990183	10.529430748490778	7.335658556373611	145.9302219262226	79.41971508542966	2.991459322313747	90.98023167160828	8.339310743716013	5.671023603541001	112.81519261751146
52.0	23.80636532648361	0.8967014476155103	2.6547675116714453	33.816788274059384	1.6999111560119018	4885.918947475593	184.03525834577934	84.8418808669865	6940.4163258466815	348.88266277859805	103.40635681152344	3.894951143272034	118.45842419491844	10.591222850343	7.383807529447014	146.88806235351686	79.59999148503982	2.9982496956565234	91.1867495190195	8.356658432593083	5.683896373435112	113.07127407945747
53.0	24.301799631296397	0.9153627027979548	2.708519469494756	34.520549505973335	1.7352880096505106	4987.599814080682	187.86521638553737	85.10487580966466	7084.853340500151	356.14326040131294	104.06886291503906	3.9199054012584766	119.21736621223582	10.651850999748406	7.431114268667693	147.82914799702485	79.76706328374266	3.0045426984605212	91.37814067341264	8.372729603786057	5.695826259017182	113.30859849105148
54.0	24.798640183141664	0.9340769263244718	2.7623644162089294	35.22630830271948	1.7707652774004645	5089.569292950878	191.7060454269108	85.35960910534271	7229.700327013186	363.42446659667166	104.71981811523438	3.944424577636007	119.96307595015038	10.711342054591983	7.4775962070778785	148.75382565692843	79.92117793209272	3.0103476513115357	91.55468860481477	8.387549388096772	5.706830929677414	113.52751735420897
55.0	25.296883369701348	0.9528439821318367	2.8163015537803187	35.93405953302332	1.8063427013215156	5191.826642709113	195.55771754485184	85.60645934749934	7374.956232264451	370.72622842609536	105.35968017578125	3.968525914740514	120.69607780546816	10.769742144704706	7.523286031631749	149.66274558356864	80.0627968060799	3.0156819326086772	91.71692184816708	8.401163343048632	5.716943330310234	113.7286860505453
56.0	25.796525265689766	0.971663722368443	2.8703300521218296	36.64379762104189	1.8420200011257317	5294.371057746158	199.42020239491467	85.84578223680126	7520.619911891231	378.0484883644602	105.98880004882812	3.992222631696178	121.41677381574027	10.827087364014249	7.568208802327512	150.55640630220685	80.19227478313836	3.020558909327735	91.86524693768015	8.413606641967194	5.72618880120178	113.91260868116495
57.0	26.29756162217742	0.9905359869921684	2.924449048139984	37.35551653119825	1.8777968734151533	5397.201666029475	203.29346713072275	86.07791228265926	7666.690127176939	385.39118414363645	106.60743713378906	4.015524499160003	122.12546113915678	10.883405231281156	7.612383041772535	151.4351762880363	80.30987551161164	3.0249885121678344	91.99996589895746	8.424905565195795	5.7345861683573816	114.07965975683804
58.0	26.79998785582827	1.009460603364981	2.978657644780843	38.06920975289315	1.9136729909132746	5500.317526894325	207.17747632076774	86.3031643552599	7813.165541913384	392.75424859476163	107.21589660644531	4.03844301202258	122.82248937358828	10.938727228567513	7.655830541269606	152.29948904128437	80.41590875061704	3.028982408657599	92.12143358036661	8.435090709497336	5.742157550356331	114.23027928839122
59.0	27.3037990380617	1.028437385844708	3.032954910076091	38.78487028510964	1.9496480016911444	5603.717628819418	211.07219186462592	86.52183510318443	7960.044719241102	400.13760948940836	107.8145751953125	4.06099311364168	123.5083129962666	10.993092936436243	7.698579629512348	153.14990811224655	80.5107761572508	3.032555727796972	92.23011010513557	8.444201386854068	5.748931627821204	114.36503782713692
60.0	27.80898988415234	1.0474661353744663	3.0873398761907525	39.50249062092944	1.985721528389032	5707.400887189799	214.9775729086942	86.73420425000742	8107.326118471552	407.5411893798422	108.40373229980469	4.083184574674306	124.1832291653817	11.046529243954124	7.74064882910813	153.98680197611608	80.59474241565235	3.035718439299839	92.32629868543648	8.452263650206614	5.754927300719098	114.48431135518662
61.0	28.315554742278575	1.0665466390701575	3.1418115384737733	40.22206273197644	2.0218931674344267	5811.366142049216	218.89357576152975	86.94053578176208	8255.008091894364	414.96490543852747	108.98355102539062	4.105024292054812	124.84744763965602	11.099055956577217	7.782051214838623	154.81043073302934	80.66799628311205	3.038477652984654	92.41021555450551	8.459296172692623	5.760158047404197	114.58836800105288
62.0	28.82348758253614	1.0856786698066483	3.1963688545132554	40.943578052810544	2.058162488257547	5915.612155845312	222.8201538089193	87.14107903584575	8403.088881574406	422.40866929712104	109.554443359375	4.126527783885499	125.50144037621486	11.150713439714856	7.822816204962593	155.6213796082932	80.73095577683887	3.0408491140788505	92.48233957709905	8.465339550742675	5.764653716705046	114.67780155548269
63.0	29.332781985928904	1.1048619858030941	3.2510107431976754	41.667027465289195	2.0945290325052186	6020.137611170144	226.7572574287725	87.33606970078259	8551.566616142198	429.8723868851326	110.11653137207031	4.147699648122603	126.14534721420647	11.201515641498458	7.862952516001153	156.41982200199868	80.78374938614141	3.0428376623195086	92.54281794572526	8.470406507246159	5.768423483495934	114.75279453670949
64.0	29.843431133353214	1.1240963302080174	3.3057360837848524	42.39240128291965	2.1309923132542905	6124.94110849937	230.7048339059653	87.52573073524697	8700.439307582445	437.3559582684896	110.67010498046875	4.168550804912186	126.77950027160794	11.25149155101313	7.902480849691949	157.20616973936166	80.82667384711553	3.044454474704169	92.59199059006934	8.47452584199009	5.7714885364376585	114.81376845644199
65.0	30.35542779459237	1.1433814306847676	3.3605437149804436	43.11968923522577	2.1675518142257832	6230.021163933525	234.66282734726158	87.71027321385804	8849.704848025536	444.8592774882511	111.21546936035156	4.189092749144842	127.40424914628986	11.300671364576178	7.941422997337772	157.98085632060952	80.86004156575919	3.0457113184600746	92.63021539066563	8.477727788037242	5.773871183111988	114.86116708538373
66.0	30.868764317335696	1.1627169989979103	3.4154324340274753	43.84888045214965	2.2042069890007823	6335.37620694434	238.631178596425	87.88989710646716	8999.361006546203	452.38223239968244	111.75274658203125	4.209330078776806	128.0197336774005	11.349068624894514	7.979787675459733	158.74405514583313	80.88398226469556	3.0466130797788966	92.65764095286096	8.480024984958519	5.775580686458952	114.89517469368349
67.0	31.383432616243702	1.182102730601349	3.4704009958091944	44.579963448518725	2.240957260239631	6441.004578130521	242.60982514968728	88.06479199696543	9149.40542597562	459.9247045120046	112.28216552734375	4.229271414976023	128.6262160633428	11.396706388053971	8.017591227534925	159.49609134020307	80.89873291110004	3.0471686843746744	92.6745387373184	8.481440305583764	5.776633967295295	114.91612789168431
68.0	31.899424162073693	1.2015383042287264	3.5254481119666825	45.312926108598795	2.277802018905434	6546.904526985938	246.5987010716837	88.23513774702077	9299.835619731128	467.4865688290302	112.80387878417969	4.24892250518779	129.2238711030521	11.443600725232917	8.054844549214742	160.2371816538329	80.90445462210599	3.047384200959063	92.68109331375221	8.481989290459863	5.777042530309307	114.9242555452341
69.0	32.41672997088788	1.2210233814869316	3.5805724500335514	46.047755670764225	2.3147406234934564	6653.074209684734	250.59773691202602	88.40110510960933	9450.64896867	475.0676936910079	113.31822204589844	4.268295993791756	129.81308335418606	11.489784041869768	8.091571610932247	160.9678029369728	80.90149207501057	3.0472726123048246	92.67769953148053	8.481705041772058	5.7768309874387915	114.92004726620857
70.0	32.93534059336287	1.240557606453427	3.6357726325895965	46.784438712312145	2.3517723992677606	6759.511686887264	254.60685962265984	88.56285629672067	9601.84271797279	482.6679406179531	113.82542419433594	4.287400501955866	130.3941150151476	11.535279004296683	8.127788756164534	161.68828031479316	80.89008360097307	3.0468428955024396	92.66463041369492	8.48061041187094	5.776016356896773	114.90384160248102
71.0	33.45524610422206	1.2601406052782032	3.6910472364356037	47.522961134451215	2.3888966375066163	6866.214921571225	258.6259924761713	88.72054550518476	9753.413974062465	490.2871641547791	114.32553100585938	4.3062377539137096	130.96701852561736	11.580091760443398	8.163499253607018	162.39867881232814	80.87028490163732	3.046097148635507	92.64194977009873	8.478710687393194	5.774602616100402	114.87571767787695
72.0	33.97643609181091	1.2797719857911165	3.746394791791288	48.263308147493326	2.4261125947581155	6973.181776892145	262.6550549851988	88.87431940418526	9905.359701565243	497.92521171852286	114.81857299804688	4.324808899154346	131.53182884538242	11.624227042698198	8.198705282389978	163.0990417796005	80.84213690623596	3.045036913363229	92.60970448767797	8.476009695621588	5.772592687631862	114.83573363210716
73.0	34.49889964783998	1.2994513371155472	3.8018137815188586	49.00546425628379	2.463419492107769	7080.410014078277	266.69396282314153	89.02431758768107	10057.676720320313	505.581923448029	115.30509948730469	4.34313462848084	132.08917525060983	11.667735911472642	8.233446066858434	163.79014951701933	80.80619983946471	3.043683291365293	92.56853633872493	8.472561057718968	5.7700265747506645	114.78468526073557
74.0	35.022625357316244	1.3191782292891452	3.8573026403741766	49.74941324589868	2.5008165144595407	7187.897290364151	270.7426277463236	89.17067299465172	10210.361702444445	513.2571320563933	115.7850341796875	4.361212068170544	132.638970341832	11.710613338847184	8.267716159186685	164.4718936495279	80.76240882237126	3.042033838881399	92.51837100035758	8.468358377868164	5.766899644727145	114.72248040362923
75.0	35.5476012886872	1.3389522128925955	3.9128597542879264	50.495138167644676	2.538302809832083	7295.641156967783	274.80095751780243	89.3135122998091	10363.41116945864	520.9506626865235	116.25848388671875	4.379045241435166	133.18133647830356	11.75287062988559	8.301523186330709	165.14442590220574	80.71088259803156	3.0400930285425702	92.45934450016746	8.463412846037796	5.7632203764986265	114.64928773456107
76.0	36.073814984224775	1.3587728186874135	3.9684834596794056	51.24262132539948	2.575877488672093	7403.639057117119	278.8688558330321	89.45295627717329	10516.821489484699	528.6623327702167	116.72576904296875	4.396646217909827	133.71664073778874	11.79453806471165	8.334890029158432	165.8082014502915	80.65195405874397	3.0378733992224127	92.39183818702233	8.45775617843864	5.759012540486339	114.56558012489201
77.0	36.601253450668835	1.3786395572635182	4.024172042804782	51.991844262320946	2.613539623186204	7511.88832412974	282.94622224753266	89.58912013868859	10670.588874517458	536.391951891039	117.18692016601562	4.4140161470835855	134.24491808007454	11.835619974150699	8.367818866800134	166.46326364380798	80.58566671534679	3.035376589820067	92.31590190529828	8.451392289014015	5.75427924361393	114.47141938148702
78.0	37.12990315016092	1.3985519186977395	4.079923739142762	52.74278774796852	2.6512882466935985	7620.38617955214	287.03295210680324	89.72211384986133	10824.709377781646	544.1393216514587	117.64212036132812	4.431161925890798	134.76637826388335	11.876134228621304	8.400322774037484	167.10987258289157	80.51221721116721	3.0326100071930586	92.23176092217797	8.444339765793492	5.749034527343887	114.36708483492303
79.0	37.65974999149084	1.418509372224108	4.135736732819761	53.49543176586908	2.689122353000974	7729.1297313632185	291.128936478654	89.85204242422056	10979.178891179963	551.9042355445664	118.091552734375	4.448090451265819	135.28123104793755	11.91609861488367	8.432414825652158	167.7482883676786	80.43180274288416	3.0295810790417113	92.13964113874295	8.436617229887522	5.743292472651184	114.25285660180953
80.0	38.19077932168625	1.4385113659170634	4.191609156077385	54.24975550156998	2.727040895801982	7838.115972248158	295.23406208818915	89.97900619824581	11133.993142841118	559.6864788308193	118.53514099121094	4.464798849486002	135.78938903276952	11.9555078031154	8.464089573818457	168.3784026231123	80.34436166952469	3.0262874835689377	92.03947194141831	8.428218421243633	5.7370486780164756	114.12864712154231
81.0	38.722975917967815	1.4585573263884353	4.247539088784295	55.00573733121147	2.7650427881027846	7947.341777947335	299.34821125561643	90.10310108825892	11289.147694774483	567.4858284201438	118.97329711914062	4.481302638653644	136.2913241755045	11.9943997877831	8.495376436795144	169.00080057449955	80.25032120117281	3.0227453122652084	91.93174272597152	8.419184013871321	5.730333648692359	113.99506324328809
82.0	39.256323980101875	1.4786466584993938	4.303524557995347	55.763354810663614	2.8031269016759897	8056.803905686812	303.4712618371292	90.22441883065005	11444.637940640618	575.3020527598641	119.40603637695312	4.497602393513276	136.78705395603606	12.032777245308614	8.52627650414736	169.61550389685172	80.14971239685124	3.018955735013882	91.81648907244818	8.409516616702756	5.723149602471369	113.85214908618809
83.0	39.79080712317495	1.4987787450882921	4.359563537560207	56.52258466526257	2.84129206654471	8166.498992695408	307.6030871690496	90.34304720668808	11600.459103644762	583.1349117288125	119.83349609375	4.513703286765664	137.27673569340604	12.070653639961025	8.556799581961357	170.22270766527112	80.04268897057506	3.0149245416773724	91.69388706982927	8.399230604463773	5.715507515416647	113.70012300000853
84.0	40.32640837082036	1.5189529467155363	4.415653947784136	57.28340278018908	2.879537070498903	8276.42355481456	311.7435560154674	90.45907025306084	11756.606234562172	590.984156538065	120.25567626953125	4.529605318410809	137.76036938761433	12.10803022272275	8.586945670237135	170.82241187975768	79.92926789871089	3.0106523716952727	91.56395616560047	8.38832719314427	5.7074085997382324	113.53900909956862
85.0	40.863110148923745	1.5391686014264945	4.471793655143298	58.04578419152711	2.9178606586459113	8386.573985206467	315.8925325195797	90.57256845919372	11913.074209903027	598.8495296386959	120.6728515625	4.545318833850243	138.2382696767446	12.144932511889952	8.616734381147204	171.4150066905161	79.80974141357626	3.0061502324237486	91.42703113008825	8.376834045920837	5.698873722501294	113.369222498989
86.0	41.40089427983489	1.559425024533478	4.52798047205692	58.80970307804187	2.956261532997151	8496.946553166155	320.04987615894623	90.6836189523077	12069.857730224996	606.730764636952	121.08503723144531	4.560844407828496	138.71045404069028	12.18136301010315	8.646166804256703	172.00051377255767	79.68414295161043	3.0014193832950173	91.28315026681697	8.364753936180394	5.689905271259552	113.1908106945158
87.0	41.93974197711735	1.5797215084179768	4.584212156719123	59.57513275372169	2.994738352093209	8607.537403043903	324.2154417049008	90.7922956711001	12226.951318602543	614.6275862173084	121.49238586425781	4.576187787790863	139.17709727838673	12.217336322060492	8.675253835217024	172.57914987599608	79.55264388714046	2.996466279372886	91.13250989575536	8.352102890277001	5.680515483123816	113.0040171222744
88.0	42.479633840859506	1.6000573223540446	4.640486412992273	60.342045661117304	3.0332897306690207	8718.342553282911	328.38907918630326	90.89866952885747	12384.34931925993	622.5397100737512	121.89494323730469	4.591350697970934	139.63825182951453	12.252857571720387	8.703998742723588	173.1509800258654	79.41530939644518	2.9912933756168893	90.97518468039142	8.33888670960405	5.670709012054568	112.80893436474814
89.0	43.02054985357764	1.620431712353982	4.6968008903645035	61.11041336552233	3.0719142393613295	8829.357895578461	332.5706338578687	91.00280856674578	12542.045896376827	630.466842849738	122.292724609375	4.606333713113238	140.0939351739672	12.287929165467425	8.732402616341533	173.7160258971771	79.27217475579735	2.985902000759256	90.81121503189338	8.325108302928314	5.660488376980203	112.60561253165476
90.0	43.5624693767377	1.640843901037323	4.753153183973533	61.88020655003236	3.1106104044603176	8940.579194164058	336.7599461732785	91.10477809796396	12700.03503307427	638.4086820872237	122.68606567382812	4.621149477597427	140.54453186940242	12.32258170919848	8.760489426503923	174.27476434018112	79.12359629709042	2.980305576560104	90.64100915064556	8.31080148189492	5.6498790220436055	112.39455779014874
91.0	44.10537114792343	1.6612930875241698	4.809540834699055	62.651395011522354	3.1493767077073973	9052.002085230237	340.9568517632888	91.20464084339133	12858.31053058908	646.36491618516	123.07489013671875	4.6357951177008525	140.98995451635258	12.356809449397472	8.788253725385063	174.82708697982068	78.96951898879533	2.974502030176683	90.4645039946028	8.295960452010325	5.638877017677666	112.17569196829834
92.0	44.64923327867385	1.6817784473537374	4.865961329325406	63.42394765757478	3.1882115861407954	9163.62207648072	345.161181419013	91.30245705931054	13016.866007643397	654.3352243678024	123.45938110351562	4.6502775303578705	141.43041287353998	12.390629448666106	8.815708587766625	175.3732539162322	78.81014782484178	2.968499083004133	90.2819343970832	8.280604451820835	5.627497001625831	111.94930625865739
93.0	45.194033253024045	1.7022991324293903	4.922412100777327	64.19783250440683	3.2271134319913517	9275.434546832952	349.37276108064134	91.39828465774382	13175.694900019278	662.3192766633271	123.8394775390625	4.664594416590361	141.86583702139055	12.424037257428953	8.842849655388052	175.91317844937012	78.64544428603845	2.9622952841609704	90.09325623195328	8.264729252923932	5.615736223396702	111.7153459449633
94.0	45.73974792676007	1.7228542709905776	4.9788905284292655	64.97301667581198	3.2660805926293204	9387.434746265164	353.59141183168083	91.4921793198953	13334.790460341463	670.3167338929098	124.21524047851562	4.678748075376443	142.29629687947835	12.457039147216266	8.869681286509902	176.44694727928	78.47549255175556	2.955893804385866	89.89856593192619	8.24834243680812	5.6036006938805825	111.47393060346805
95.0	46.28635352743191	1.743442967613322	5.035393938491995	65.74946640317846	3.305111370565295	9499.617795819053	357.8169498990559	91.58419460316057	13494.145758081175	678.3272476709179	124.58712768554688	4.692755749052006	142.7223168446094	12.489676165484145	8.896236168086354	176.97521065630283	78.30077415811496	2.949312781438684	89.69841512663037	8.231489913308426	5.59112479752106	111.22574425312438
96.0	46.83382565512726	1.7640643032393628	5.091919604476086	66.5271470265883	3.344204023505455	9611.97868775856	362.0491866590892	91.67438204212274	13653.75367978167	686.3504604162475	124.95468139648438	4.706600195281161	143.14337251997767	12.521908971437972	8.922481613163228	177.49731833009758	78.12085574135712	2.9425358920417977	89.49230737087966	8.214129348635696	5.578277589657774	110.97017130350928
97.0	47.38213928403995	1.7847173352352366	5.148464747734958	67.30602299704542	3.3833567644635694	9724.5122858918	366.28792864962736	91.76279124392862	13813.60692951553	694.3860053753114	125.31845092773438	4.720302104866972	143.56009318175035	12.553786551113392	8.948456846085541	178.01405060107345	77.93631164369442	2.935584769631736	89.28090060946131	8.196315620654683	5.5651000816219724	110.70802760402803
98.0	47.931268764853094	1.8054010974820385	5.205026538088762	68.08605787986075	3.4225677619311603	9837.213326060148	370.5329775884634	91.84946997840694	13973.698029579406	702.4335066569619	125.67819213867188	4.733852281896969	143.9721991516309	12.585288283963596	8.974144433811064	178.5250606690486	77.74692337381879	2.9284511844149304	89.06394454696931	8.178027102349649	5.551576671879905	110.43900278918785
99.0	48.481187827950365	1.8261146004963824	5.261602094529677	68.86721435921383	3.461835140106808	9950.07641679731	374.7841303981612	91.93446426326373	14134.01932143023	710.4925792795539	126.0341796875	4.747261071772682	144.3800050677029	12.616438982535456	8.999563988512305	179.03073868422757	77.55299185954964	2.921146471276299	88.84178391496938	8.15929230742189	5.537728848405497	110.16352432501374
100.0	49.03186958748059	1.8468568315834977	5.318188486010361	69.64945424392667	3.501156979186389	10063.096040163537	379.0411792374779	92.01781844466689	14294.562966870213	718.5628292305106	126.3863525390625	4.760526175515993	144.78344101039224	12.647234037784958	9.024711151928706	179.53099794656492	77.3544829515819	2.913669343932495	88.61437959330497	8.140107392886947	5.523554172742316	109.88154370263827
110.0	54.57429253213306	2.055620269832447	5.8839697178630885	77.52243025997126	3.8969177963351487	11200.599766953603	421.8869150099177	92.76985688081082	15910.379668087531	799.7871257015235	129.71566772460938	4.8859296844307725	148.5973789798628	12.937290446530614	9.262443369685398	184.26026867660792	75.14137519247632	2.8303094145983256	86.07912677325804	7.9256772965519735	5.365525573350249	106.73783841663668
120.0	60.15914053233896	2.2659817096330066	6.4472831104845705	85.45567079357201	4.295708006011524	12346.810634877293	465.06061794374637	93.39674257365624	17538.564807079794	881.6331620369394	132.73001098632812	4.9994693167654205	152.05049698707205	13.198249328890165	9.477684783835446	188.54212382202493	72.57087045398916	2.7334876071324135	83.1344534466292	7.675358602257369	5.181976777823922	103.08645302845292
130.0	65.75098536355219	2.476606695271285	7.004586595864558	93.39885028045347	4.694997829590439	13494.45750316148	508.28840992411267	93.92420142618437	19168.78977531463	963.5817370421344	135.4783935546875	5.102991151949032	155.19894045004062	13.434823649472744	9.67393507760647	192.4461835193249	69.72740819113531	2.6263844566777474	79.8770902699212	7.396868679745348	4.978937248016032	99.04733323887143
140.0	71.31147393752224	2.686050601778996	7.552219688298845	101.29748840632845	5.092048636386766	14635.668944227556	551.2738021587234	94.37129333906658	20789.8732607274	1045.070785598342	137.99533081054688	5.197795262107577	158.082248887935	13.650347290940323	9.853658847343702	196.02147664421878	66.68385687302464	2.511744660328581	76.39051261438212	7.0969143372363686	4.7616102109569365	94.72398823789032
150.0	76.80180885557165	2.8928520685880446	8.08665189943888	109.09647371681628	5.4840900694001125	15762.48234208138	593.7168711107078	94.75255834872208	22390.504418697812	1125.5317312104173	140.30886840820312	5.28493802768647	160.73255034506474	13.847509514339185	10.01885871377328	199.30784186759803	63.507059552631475	2.3920859590984263	72.75129336167872	6.781748370929308	4.534768644373168	90.21136815078177
160.0	82.185368035113	3.0956316715813736	8.60472439738325	116.7437847800003	5.86850710168735	16867.381533513828	635.3345095380446	95.0793785852249	23960.00658790482	1204.4278766751386	142.44204711914062	5.365287312925419	163.17623946066118	14.028505219150826	10.171179920255637	202.338008456626	60.256679084027624	2.2696556413440456	69.02778002829103	6.457061389598712	4.302672818568287	85.59422367662569
170.0	87.42998352505735	3.2931777579966774	9.103840575851514	124.19372722900569	6.243002756865389	17943.764502653456	675.8780428905486	95.36085586760866	25489.00164741963	1281.28780015729	144.41534423828125	5.439614424983154	165.4367742518426	14.195259486130896	10.312084663207793	205.14106427655645	56.9853607132239	2.1464366669864763	65.2802810234512	6.127991119927068	4.069081906342404	80.94733704755075
180.0	92.50951773565333	3.484505817420636	9.582077014369972	131.4091727863111	6.605710660970784	18986.266879792573	715.1454143646525	95.60438625311238	26969.869544699963	1355.72845486304	146.24542236328125	5.508546984886005	167.5332427623446	14.349333845601395	10.442762747761927	207.74067843980146	53.73590462762792	2.024041167465368	61.55782662839032	5.79881991204416	3.8370520867911444	76.33150565349038
190.0	97.4045918407367	3.668885918121284	10.038209079827368	138.36259395444225	6.955247054562089	19990.9114356214	752.9868158216223	95.81604567544825	28396.96065118464	1427.4658437865053	147.947265625	5.572649391762044	169.4828102476143	14.492116409280932	10.56428412688489	210.15813580752297	50.5426737842633	1.9037634736407607	57.89978175127471	5.47308759771421	3.609037072322802	71.79554185308072
200.0	102.1025346260362	3.845840780344897	10.47166509777545	145.0359913553207	7.29070714019524	20955.09758306811	789.304292359062	96.00085898907997	29766.580849725142	1496.314270080856	149.53448486328125	5.632434317731683	171.30106877268116	14.624853792046371	10.677620692680991	212.41277048985978	47.43195023724505	1.7865935373867858	54.33625412252891	5.153598191285782	3.3869135524857517	67.37677913453912
210.0	106.59675594826275	4.015122176739409	10.882433468917998	151.4200037329442	7.6116203438055585	21877.47278866019	824.0468988324224	96.16299712517781	31076.80887525451	1562.1771550912974	151.01922607421875	5.688359259440485	173.00193233279558	14.74864853706931	10.783639739001158	214.52183579585963	44.422470125955996	1.6732370827010767	50.88870715712301	4.842444952595195	3.1720193951955995	63.10183206291544
220.0	110.88578918097622	4.176674864682356	11.27094801662456	157.51254775392178	7.917881939845358	22757.7360481152	857.2032974766938	96.30592886116119	32327.217153132537	1625.0330053840053	152.41192626953125	5.740817342146704	174.5973571751326	14.86444321610202	10.883086528400712	216.50015743329712	41.52613708855503	1.564142477464348	47.570777214193555	4.54105615094558	2.965204588555355	58.987609679375346
230.0	114.97221674018431	4.330596114636519	11.637971654925297	163.31729172352266	8.20967632764317	23596.417365704237	888.7934516752247	96.4325422901383	33518.55855100509	1684.9196663066768	153.721923828125	5.790160309502457	176.0980409945331	14.973074935625343	10.976627874744944	218.3610005091285	38.74970708794069	1.4595641948659372	44.39020367015376	4.250346615102239	2.7669515471017734	55.04370878560585
240.0	118.86163044899756	4.477096550769396	11.984491199284653	168.84217879037962	8.48740279547159	24394.664383837724	918.8605890520831	96.54524443395856	34652.463287508035	1741.9190861159996	154.95806884765625	5.836721513334915	177.51412212924484	15.075328507165095	11.064895725814676	220.11693652994634	36.09643839865869	1.3596249625655186	41.35071908149414	3.9708734361816975	2.577492930343087	51.27475773956671
250.0	122.5617142704416	4.616465600747664	12.31162956489667	174.09812397436994	8.751610022404074	25154.054126980493	947.4641105322381	96.64604387928857	35731.171515713846	1796.143873412418	156.1275634765625	5.8807722330620535	178.85385108901434	15.171842626954206	11.148404356355691	221.77819610111558	33.5658492061209	1.2643066323143892	38.451771499585796	3.702798007081172	2.3967943339516173	47.68007212674563
260.0	126.08148623736741	4.749042941922369	12.620576872153496	179.09793733294623	9.002941947758465	25876.43741851408	974.6737300759161	96.73661953606197	36757.31231828876	1847.726187610901	157.23712158203125	5.922565356276899	180.1249190269951	15.263207828498942	11.227633175029304	223.35431622763747	31.155635344663835	1.1735224143545302	35.690721359106064	3.446079087420055	2.224691227270839	44.25637889469122
270.0	129.43070300032167	4.875196072756593	12.912539168815037	183.85547812522998	9.242095252396462	26563.816672629655	1000.5648715321305	96.81837776159506	37733.730111665565	1896.8090125805033	158.2928466796875	5.9623307807912935	181.33431790059947	15.349957683685728	11.303018007891259	224.85396691405853	28.86214367936583	1.087134708034701	33.063383766403014	3.2005184082566736	2.060922755494796	40.99848878882857
280.0	132.6194118912519	4.995303440652048	13.188702150869076	188.38501852139615	9.469787373500582	27218.253961754508	1025.2152058643098	96.8924996625222	38663.35405641637	1943.5395921308361	159.29888916015625	6.00022483711729	182.48680224086772	15.43245995600515	11.374855216659462	226.28304376347046	26.67947726890435	1.0049213964652421	30.563003407797893	2.9656608384673393	1.9050678431588788	37.898025242074304
290.0	135.65762741125667	5.109742256388671	13.45020689654647	192.70078405561088	9.686733403942243	27841.804620249688	1048.7021502367973	96.95998012696239	39549.103741733685	1988.064688934897	160.26123046875	6.036472825110494	183.589224166064	15.511228086367357	11.443571910868542	227.65004338032895	24.60360305749333	0.9267305687218238	28.18496016661859	2.7412344333505114	1.756838506926298	34.94925932471806
300.0	138.5551075187106	5.21888006769079	13.698134791356212	196.81663584475677	9.893630117969568	28436.47133071951	1071.1011386087785	97.02165993972201	40393.82396532944	2030.527306027981	161.1829833984375	6.0711919926549465	184.64514957446852	15.586536579396299	11.509390361806927	228.95938746695273	22.6278758797269	0.8523119249641566	25.921641591882736	2.5266687572416475	1.6157602438373582	32.142751622195924
310.0	141.32120698688303	5.323069235728105	13.933499224230065	200.74586228387705	10.091145500099488	29004.174027741934	1092.4844881144222	97.07825215397769	41200.24198187826	2071.0645377612477	162.0673828125	6.104504185590923	185.6582842035098	15.658667145249996	11.572541557284161	230.21567112575144	20.746175825616973	0.7814349498628178	23.766036945413703	2.3214324452805504	1.4813960571846727	29.46980884187438
320.0	143.96478845689816	5.42264358479579	14.157242102556191	204.50105269747948	10.279912393788457	29546.731642749775	1112.920711457224	97.13036372464643	41970.94157173913	2109.8062662814355	162.91851806640625	6.1365634354523575	186.63331266465408	15.727968418951441	11.633317500757594	231.4247032597713	18.953729609508088	0.7139198506565674	21.712678131105868	2.1251256440139525	1.3534051069691373	26.923650562291833
330.0	146.49417549632517	5.517916634197873	14.370233676729056	208.0940306595667	10.460525149546287	30065.852469971866	1132.4741540291382	97.17851325276139	42708.34935583689	2146.8744736037543	163.73895263671875	6.167466299320224	187.57317158001453	15.79466226324872	11.691901239170637	232.5901252709219	17.24477714039358	0.6495496651223512	19.75496660584343	1.9372268096517282	1.2313760896243486	24.496094611355222
340.0	148.91713540902904	5.609180950755214	14.573274544512275	211.53582957514033	10.633538397460827	30563.130638398696	1151.2048610220227	97.22314554974479	43414.72978411229	2182.382989689977	164.53082275390625	6.197293241428668	188.4803081346854	15.8589340390927	11.7484453116428	233.7149716607946	15.613687344877206	0.5881122906734539	17.88645162422143	1.7572148244708796	1.1149069141819752	22.17914208565426
350.0	151.240882482886	5.69670827113544	14.767099011962857	214.8366972935596	10.79946727910346	31040.046778329903	1169.1686025341203	97.26464360738515	44092.186082348366	2216.4375400437557	165.29669189453125	6.2261408188586636	189.35765895078	15.921002191874424	11.803132765117496	234.8028838312988	14.055809411645242	0.5294325477232225	16.101805392123154	1.5846645785566063	1.0036654860140346	19.966186537739198
360.0	153.4720947545618	5.780750133322754	14.952379225480637	218.0061199228009	10.958788644630559	31497.97146210737	1186.4170031702868	97.30333845396981	44742.6651397096	2249.1359913987203	166.0380859375	6.25406650606317	190.20697201765125	15.980999648759443	11.85607255610866	235.85602928357127	12.565991182938205	0.4733163727404158	14.39512579184317	1.4190846767531782	0.8972839114781009	17.84990936077034
370.0	155.61693924820773	5.861538827270204	15.12972966866621	221.05285768086256	11.111942854971243	31938.17038399971	1202.9977371498887	97.33951728843735	45367.964866734386	2280.568721591966	166.7574462890625	6.281162262166925	191.0310441182641	16.039132234348003	11.907439015038591	236.87787601943057	11.140507040854772	0.41962343489672127	12.76214489596046	1.2601324960928015	0.7954961600673478	15.825018338568047
380.0	157.6811020823297	5.939288528918788	15.299711749624326	223.98498766237768	11.259335931630684	32361.8105392103	1218.9547610481484	97.37343021097863	45969.74297257605	2310.819060780702	167.455810546875	6.307467169797942	191.8310638853787	16.09549118983423	11.957306232336764	237.8698979396497	9.774708464545313	0.3681786408791545	11.19753753422763	1.107354114165711	0.6979703007060792	13.884910277272036
390.0	159.66982091741852	6.014196522384744	15.46283829966678	226.80994993026397	11.401341873637197	32769.9668832933	1234.3285646327522	97.40529580824544	46549.52642466037	2339.9637669627864	168.13494873046875	6.333047899321656	192.60905898664456	16.150226055661843	12.005800597559345	238.8346093455471	8.46512781305023	0.3188513769369121	9.697331307883	0.9604196235045837	0.6044587239221466	12.024659415283129
400.0	161.58791801347903	6.086444445119558	15.619577872073886	229.53459447373015	11.53830501803959	33163.62911674288	1249.1564264152937	97.43530580223853	47108.72108615068	2368.0735104353466	168.79547119140625	6.35792744051925	193.3657286178029	16.203392135432424	12.052965693311908	239.77287723757743	7.207553177927224	0.271482995399691	8.256701213393779	0.8189086373993043	0.5146606752723168	10.238282763847284
410.0	163.43983274570644	6.156199512660316	15.770358776753156	232.1652273965845	11.670542361713135	33543.708358374664	1263.4726650139128	97.46362893215188	47648.62119544324	2395.2133503125265	169.4395751953125	6.382188556602987	194.10358988352223	16.25517178978215	12.09895841697452	240.6878228173775	5.99974244960606	0.22598904394267091	6.873078774558396	0.6826162025231083	0.4284160552613848	8.522595420793003
420.0	165.22965284331593	6.223615695285739	15.915572818995107	234.7076552917905	11.79834579199134	33911.04355665269	1277.3088806452674	97.49041420632622	48170.41847341572	2421.443192331039	170.06768798828125	6.4058473404196965	194.82313222082132	16.30560431640648	12.143809276371085	241.58005298526552	4.838035144965318	0.18223164513395765	5.542270679904267	0.5511723217917854	0.34546348437974617	6.872397693475048
430.0	166.96114391106718	6.288834829987442	16.05557873211954	237.16722717660193	11.921984194672278	34266.40754856367	1290.6941833408669	97.51579363555423	48675.210730019026	2446.818221488572	170.68109130859375	6.428952070509866	195.52582394075677	16.35479719678944	12.187609794973307	242.45138844219633	3.7199473975265676	0.14011724052242502	4.261431505629436	0.4243348765510715	0.2656256003010308	5.284161265594395
440.0	168.63777699878014	6.351987658915919	16.19070530784456	239.54887365488213	12.041705422640298	34610.5127178693	1303.6554060733886	97.53988453811999	49164.00990178812	2471.3893060754854	171.28021240234375	6.4515188397203245	196.21215448034744	16.402788898728836	12.230390480605092	243.30243608848812	2.64243540356361	0.09953118080440525	3.0270743849291706	0.30179388595122586	0.18868505796479274	3.753562433605998
450.0	170.26275412510793	6.413194790770661	16.321254236941996	241.85714317345855	12.157738118409938	34944.01623349867	1316.2173020683656	97.56279149015525	49637.74949294471	2495.203371726107	171.86663818359375	6.473607421482151	196.8839417485206	16.44971035879168	12.272264648040927	244.13545012532305	1.6038840584858178	0.060412630711489924	1.8373491148699652	0.18339794543428387	0.11452652963098955	2.278306951864516
460.0	171.83903175578396	6.47256758514254	16.447502677779088	244.0962353728212	12.270293390607552	35267.524868125656	1328.4027263029263	97.58460798135106	50097.29142015528	2518.303745492816	172.44024658203125	6.495213217839107	197.54104590612792	16.49555533661538	12.313223580759702	244.9502571526102	0.6012148262472863	0.022645632696567542	0.6887290406109609	0.06882550193917594	0.042930190152151146	0.8540217797889669
470.0	173.36934229774027	6.530208962121114	16.569705572933337	246.27003161937918	12.379566348774762	35581.59940953195	1340.2328016662116	97.6054178251417	50543.43227884375	2540.730470842693	173.002197265625	6.516379909375445	198.18479542507774	16.54041982353549	12.353350085712007	245.74850447121332	-0.3671450321152747	-0.0138290527456691	-0.42058750831575137	-0.04207644765985517	-0.026216263062753313	-0.5215271481658335
480.0	174.85621370765597	6.5862141408791794	16.688097734951896	248.3821228592769	12.485737503531386	35886.758684983586	1351.7270705433834	97.62529636364474	50976.909059792466	2562.520595021106	173.552978515625	6.537125887916111	198.81574966196305	16.584345819449258	12.392679028982302	246.53088568149627	-1.303235192030968	-0.04908825296306834	-1.4929371071909443	-0.1495169300921823	-0.09305847454908336	-1.8512371777806382
490.0	176.30198733490298	6.640671311753327	16.802895722187532	250.4358349641836	12.588974040664205	36183.48322324262	1362.9036327506315	97.6443115004954	51398.40435100608	2583.7084305403687	174.09326171875	6.557476442220408	199.43467773209923	16.627389672373983	12.431258351436718	247.2983544839591	-2.208725616152975	-0.08319486953291992	-2.5302328022765694	-0.2536651120148701	-0.1577156892274867	-3.137480480224535
500.0	177.70883412845373	6.693662246700748	16.914299524789456	252.434251753101	12.689430978393208	36472.218580805085	1373.7792708227744	97.66252458890726	51808.551062611084	2604.3257926922256	174.62353515625	6.577449964113283	200.04213899207926	16.66959288280456	12.469122919159714	248.05160447896554	-3.0852989722037307	-0.11621228258746456	-3.534402194282962	-0.3546938501505671	-0.22030805923349517	-4.382647274135471
